landscapes/exported_ascii_MS_HABMAT_2PIX_TREES_DIST/simulation_000085_p011_h032_HABMAT_trees_2pix_edge_dist_modified.asc
ncols         512
nrows         512
xllcorner     0
yllcorner     0
cellsize      10
NODATA_value  -99
[rows 420 to 440 of 512, columns 0 to 47 of 512]
509.9019513592784847 500.0999900019995152 490.3060268852505033 480.5205510693585325 470.7440918375928049 460.977222864644375 451.2205669071391299 441.4748010928823305 431.7406628984580834 422.0189569201838822 412.3105625617660621 402.616442783947889 392.9376540877699995 383.2753579347360073 373.6308338453881106 364.0054944640259009 354.4009029333869876 344.8187929913333392 335.2610922848041923 325.7299494980466079 316.2277660168379612 306.7572330035593495 297.3213749463700992 287.9236009777593495 278.5677655436824125 269.2582403567251959 260 250.7987240796890376 241.6609194718914466 232.5940669922601387 223.6067977499789663 214.7091055358388871 205.912602819740016 197.2308292331601933 188.6796226411320845 180.2775637731994607 172.0465053408525478 164.0121946685672469 156.2049935181330795 148.6606874731850496 141.4213562373095101 134.5362404707371127 128.0624847486569706 122.0655561573370278 116.6190378969060077 111.8033988749894831 107.7032961426900783 104.4030650891054961
508.0354318352215159 498.1967482832460519 488.3646178829911833 478.5394445602159408 468.7216658103185978 458.9117562233506078 449.1102314577124162 439.3176527297759435 429.53463189829057 419.7618372363071444 410 400.2499219237899979 390.5124837953327415 380.7886552931954043 371.0795063055894616 361.3862199918530109 351.7101079013795015 342.0526275297414145 332.4154027718932412 322.8002478313794654 313.2091952673164883 303.6445290137795041 294.1088233970548345 284.6049894151541366 275.136329843952069 265.706605111728436 256.3201123595259219 246.9817807045693883 237.6972864800942489 228.4731931759172596 219.3171219946130748 210.23796041628637 201.2461179749810753 192.3538406167134553 183.5755975068582018 174.9285568453590258 166.4331697709323805 158.1138830084189806 150 142.1267040355189408 134.5362404707371127 127.2792206135785591 120.4159457879229507 114.0175425099137954 108.1665382639196764 102.956301409870008 98.4885780179610464 94.8683298050513741
506.359556046886496 496.4876634922563881 486.6210024238575897 476.7598976424087027 466.9047011971500751 457.0557952810575557 447.2135954999579326 437.3785545725807538 427.5511665286389871 417.7319714841084419 407.9215610874227878 398.1205847478876763 388.3297567789520031 378.5498646149540036 368.7817782917155114 359.0264614203248357 349.2849839314596352 339.5585369269928719 329.8484500494128611 320.1562118716424266 310.4834939252004915 300.8321791298264429 291.2043955712207435 281.6025568065744551 272.0294101747088575 262.488094968133737 252.9822128134703405 243.5159132377184221 234.0939982143925135 224.7220505424423322 215.4065922853801567 206.1552812808830311 196.9771560359220928 187.8829422805593481 178.8854381999831844 170 161.2451549659709826 152.6433752247374684 144.2220510185595685 136.0147050873544288 128.0624847486569706 120.4159457879229507 113.1370849898476081 106.3014581273464927 100 94.3398113205660422 89.4427190999915922 85.4400374531753073
504.876222454573508 494.9747468305832854 485.0773134253961416 475.1841748206688862 465.2956049652736397 455.4119014694280168 445.5333881989092788 435.6604182158392859 425.793377120875391 415.9326868617084187 406.0788100849390503 396.2322551231789589 386.3935817272331406 376.5634076752546093 366.7424164178449928 356.9313659514949109 347.1310991541956241 337.3425558686599857 327.5667870831840105 317.8049716414140562 308.0584360149872509 298.3286778035259772 288.6173937932362605 278.9265136196270873 269.2582403567251959 259.6150997149433692 250 240.4163056034261672 230.8679276123039017 221.3594362117865444 211.896201004170905 202.4845673131658828 193.1320791582796517 183.8477631085023631 174.6424919657298176 165.5294535724684977 156.524758424985265 147.6482306023339959 138.9244398944980503 130.3840481040529653 122.0655561573370278 114.0175425099137954 106.3014581273464927 98.9949493661166571 92.1954445729288778 86.0232526704262739 80.6225774829854913 76.1577310586390865
503.5871324805668792 493.6598018878993344 483.7354648979130047 473.814309619285325 463.8965401897280572 453.982378512646676 444.0720662234903671 434.1658669218481919 424.2640687119285303 414.3669871020132405 404.4749683231336803 394.5883931389771533 384.7076812334269107 374.8332962798262429 364.9657518178931923 355.1056180912940476 345.253530032641379 335.4101966249684779 325.5764119219941222 315.7530680769388596 305.9411708155670908 296.1418578992169159 286.3564212655270467 276.5863337187865909 266.8332812825266842 257.0992026436488231 247.3863375370596316 237.6972864800942489 228.0350850198275907 218.4032966784155576 208.8061301782109922 199.2485884517127488 189.7366596101027483 180.2775637731994607 170.8800749063506146 161.5549442140351175 152.3154621172781731 143.1782106327635233 134.1640786499873741 125.2996408614166768 116.6190378969060077 108.1665382639196764 100 92.1954445729288778 84.8528137423857061 78.1024967590665398 72.1110255092797843 67.082039324993687
502.4937810560444973 492.5444142409900223 482.5971404805461589 472.6520919238589613 462.709412050370986 452.7692569068708508 442.8317965096905482 432.8972164382672645 422.9657196511320194 413.0375285612676635 403.1128874149274566 393.192065026750015 383.2753579347360073 373.3630940518893908 363.4556369077249656 353.5533905932737753 343.6568055487916808 333.7663853655727166 323.8826948140329591 314.006369362151645 304.1381265149109936 294.2787793912432335 284.4292530665578624 274.5906043549196056 264.7640458974745457 254.9509756796392423 245.1530134426252516 235.3720459187964025 225.6102834535695649 215.8703314492290417 206.1552812808830311 196.4688270438849997 186.8154169226940553 177.2004514666934938 167.6305461424020962 158.1138830084189806 148.6606874731850496 139.2838827718412062 130 120.8304597359457233 111.8033988749894831 102.956301409870008 94.3398113205660422 86.0232526704262739 78.1024967590665398 70.7106781186547551 64.0312423743284853 58.3095189484530039
501.5974481593780752 491.6299421312741629 481.6637831516918027 471.6990566028301828 461.7358552246078034 451.7742799230607034 441.8144406874904462 431.8564576337836911 421.9004621945797453 411.9465984809195902 401.9950248448355978 392.0459156782531522 382.0994634908560101 372.1558813185678787 362.215405525496692 352.2782990761707538 342.3448553724737735 332.4154027718932412 322.4903099319419653 312.5699921617556925 302.6549190084311363 292.7456233660889211 282.8427124746190202 272.9468812791236019 263.0589287593181211 253.179778023443248 243.3105012119287949 233.4523505985750376 223.6067977499789663 213.7755832643194935 203.9607805437113939 194.1648783894760015 184.3908891458577557 174.6424919657298176 164.9242250247064305 155.2417469626002458 145.6021977856103717 136.0147050873544288 126.4911064067351703 117.0469991071962568 107.7032961426900783 98.4885780179610464 89.4427190999915922 80.6225774829854913 72.1110255092797843 64.0312423743284853 56.568542494923804 50
500.8991914547277702 490.9175083453430943 480.936586256441899 470.9564735726646632 460.977222864644375 450.9988913511872397 441.02154142399894 431.0452412450460997 421.0700654285460018 411.0960958218893211 401.1234224026316042 391.1521443121588959 381.1823710509183343 371.214223865411725 361.2478373637688378 351.2833614050059055 341.3209633175202384 331.3608305156178062 321.4031735997639316 311.4482300479487549 301.4962686336266984 291.5475947422650052 281.6025568065744551 271.6615541441224764 261.7250465660480359 251.7935662402834396 241.8677324489565024 231.9482700948640286 222.0360331117451835 212.1320343559642652 202.2374841615668402 192.3538406167134553 182.4828759089465962 172.6267650163206895 162.7882059609970611 152.9705854077835454 143.1782106327635233 133.4166406412633421 123.6931687685298158 114.0175425099137954 104.4030650891054961 94.8683298050513741 85.4400374531753073 76.1577310586390865 67.082039324993687 58.3095189484530039 50 42.426406871192853
500.3998401278721531 490.4079934095691442 480.4164859785725525 470.4253394535630264 460.4345773288535497 450.4442251822082994 440.4543109109048373 430.4648650006176922 420.47592083257274 410.4875150354758375 400.4996878900157071 390.5124837953327415 380.5259518088089408 370.5401462729781201 360.5551275463989214 350.5709628591620799 340.5877273185280387 330.6055050963307735 320.6243908376279705 310.6444913401813324 300.6659275674581409 290.6888370749726391 280.7133769523640012 270.7397274136176861 260.7680962081059306 250.7987240796890376 240.8318915758459013 230.8679276123039017 220.9072203437452231 210.9502310972898727 200.9975124224177989 191.0497317454280051 181.107702762748346 171.1724276862368868 161.2451549659709826 151.3274595042155681 141.4213562373095101 131.5294643796590606 121.6552506059643974 111.8033988749894831 101.9803902718556969 92.1954445729288778 82.4621125123532153 72.8010988928051859 63.2455532033675851 53.8516480713450392 44.7213595499957961 36.0555127546398921
500.0999900019995152 490.1020301937138584 480.1041553663121704 470.1063709417263112 460.108682813093651 450.1110973970759801 440.1136216933077208 430.116263352131341 420.1190307520000715 410.1219330881975793 400.1249804748511565 390.1281840626231769 380.1315561749642598 370.1351104664349236 360.1388621073821241 350.1428280002319298 340.1470270338989508 330.1514803843835466 320.1562118716424266 310.1612483854164566 300.1666203960726875 290.1723625709381622 280.1785145224379789 270.1851217221259276 260.1922366251537255 250.1999200639360765 240.2082429892862763 230.2172886644267749 220.2271554554524187 210.23796041628637 200.2498439450078536 190.2629759044044704 180.2775637731994607 170.2938636592640194 160.3121954188139853 150.3329637837290704 140.3566884761820006 130.3840481040529653 120.4159457879229507 110.4536101718726115 100.4987562112088995 90.553851381374173 80.6225774829854913 70.7106781186547551 60.8276253029821987 50.9901951359278485 41.2310562561766076 31.6227766016837926
500 490 480 470 460 450 440 430 420 410 400 390 380 370 360 350 340 330 320 310 300 290 280 270 260 250 240 230 220 210 200 190 180 170 160 150 140 130 120 110 100 90 80 70 60 50 40 30
500.0999900019995152 490.1020301937138584 480.1041553663121704 470.1063709417263112 460.108682813093651 450.1110973970759801 440.1136216933077208 430.116263352131341 420.1190307520000715 410.1219330881975793 400.1249804748511565 390.1281840626231769 380.1315561749642598 370.1351104664349236 360.1388621073821241 350.1428280002319298 340.1470270338989508 330.1514803843835466 320.1562118716424266 310.1612483854164566 300.1666203960726875 290.1723625709381622 280.1785145224379789 270.1851217221259276 260.1922366251537255 250.1999200639360765 240.2082429892862763 230.2172886644267749 220.2271554554524187 210.23796041628637 200.2498439450078536 190.2629759044044704 180.2775637731994607 170.2938636592640194 160.3121954188139853 150.3329637837290704 140.3566884761820006 130.3840481040529653 120.4159457879229507 110.4536101718726115 100.4987562112088995 90.553851381374173 80.6225774829854913 70.7106781186547551 60.8276253029821987 50.9901951359278485 41.2310562561766076 31.6227766016837926
500 490 480 470 460 450 440 430 420 410 400 390 380 370 360 350 340 330 320 310 300 290 280 270 260 250 240 230 220 210 200 190 180 170 160 150 140 130 120 110 100 90 80 70 60 50 40 30
500.0999900019995152 490.1020301937138584 480.1041553663121704 470.1063709417263112 460.108682813093651 450.1110973970759801 440.1136216933077208 430.116263352131341 420.1190307520000715 410.1219330881975793 400.1249804748511565 390.1281840626231769 380.1315561749642598 370.1351104664349236 360.1388621073821241 350.1428280002319298 340.1470270338989508 330.1514803843835466 320.1562118716424266 310.1612483854164566 300.1666203960726875 290.1723625709381622 280.1785145224379789 270.1851217221259276 260.1922366251537255 250.1999200639360765 240.2082429892862763 230.2172886644267749 220.2271554554524187 210.23796041628637 200.2498439450078536 190.2629759044044704 180.2775637731994607 170.2938636592640194 160.3121954188139853 150.3329637837290704 140.3566884761820006 130.3840481040529653 120.4159457879229507 110.4536101718726115 100.4987562112088995 90.553851381374173 80.6225774829854913 70.7106781186547551 60.8276253029821987 50.9901951359278485 41.2310562561766076 31.6227766016837926
500.3998401278721531 490.4079934095691442 480.4164859785725525 470.4253394535630264 460.4345773288535497 450.4442251822082994 440.4543109109048373 430.4648650006176922 420.47592083257274 410.4875150354758375 400.4996878900157071 390.5124837953327415 380.5259518088089408 370.5401462729781201 360.5551275463989214 350.5709628591620799 340.5877273185280387 330.6055050963307735 320.6243908376279705 310.6444913401813324 300.6659275674581409 290.6888370749726391 280.7133769523640012 270.7397274136176861 260.7680962081059306 250.7987240796890376 240.8318915758459013 230.8679276123039017 220.9072203437452231 210.9502310972898727 200.9975124224177989 191.0497317454280051 181.107702762748346 171.1724276862368868 161.2451549659709826 151.3274595042155681 141.4213562373095101 131.5294643796590606 121.6552506059643974 111.8033988749894831 101.9803902718556969 92.1954445729288778 82.4621125123532153 72.8010988928051859 63.2455532033675851 53.8516480713450392 44.7213595499957961 36.0555127546398921
500.8991914547277702 490.9175083453430943 480.936586256441899 470.9564735726646632 460.977222864644375 450.9988913511872397 441.02154142399894 431.0452412450460997 421.0700654285460018 411.0960958218893211 401.1234224026316042 391.1521443121588959 381.1823710509183343 371.214223865411725 361.2478373637688378 351.2833614050059055 341.3209633175202384 331.3608305156178062 321.4031735997639316 311.4482300479487549 301.4962686336266984 291.5475947422650052 281.6025568065744551 271.6615541441224764 261.7250465660480359 251.7935662402834396 241.8677324489565024 231.9482700948640286 222.0360331117451835 212.1320343559642652 202.2374841615668402 192.3538406167134553 182.4828759089465962 172.6267650163206895 162.7882059609970611 152.9705854077835454 143.1782106327635233 133.4166406412633421 123.6931687685298158 114.0175425099137954 104.4030650891054961 94.8683298050513741 85.4400374531753073 76.1577310586390865 67.082039324993687 58.3095189484530039 50 42.426406871192853
501.5974481593780752 491.6299421312741629 481.6637831516918027 471.6990566028301828 461.7358552246078034 451.7742799230607034 441.8144406874904462 431.8564576337836911 421.9004621945797453 411.9465984809195902 401.9950248448355978 392.0459156782531522 382.0994634908560101 372.1558813185678787 362.215405525496692 352.2782990761707538 342.3448553724737735 332.4154027718932412 322.4903099319419653 312.5699921617556925 302.6549190084311363 292.7456233660889211 282.8427124746190202 272.9468812791236019 263.0589287593181211 253.179778023443248 243.3105012119287949 233.4523505985750376 223.6067977499789663 213.7755832643194935 203.9607805437113939 194.1648783894760015 184.3908891458577557 174.6424919657298176 164.9242250247064305 155.2417469626002458 145.6021977856103717 136.0147050873544288 126.4911064067351703 117.0469991071962568 107.7032961426900783 98.4885780179610464 89.4427190999915922 80.6225774829854913 72.1110255092797843 64.0312423743284853 56.568542494923804 50
502.4937810560444973 492.5444142409900223 482.5971404805461589 472.6520919238589613 462.709412050370986 452.7692569068708508 442.8317965096905482 432.8972164382672645 422.9657196511320194 413.0375285612676635 403.1128874149274566 393.192065026750015 383.2753579347360073 373.3630940518893908 363.4556369077249656 353.5533905932737753 343.6568055487916808 333.7663853655727166 323.8826948140329591 314.006369362151645 304.1381265149109936 294.2787793912432335 284.4292530665578624 274.5906043549196056 264.7640458974745457 254.9509756796392423 245.1530134426252516 235.3720459187964025 225.6102834535695649 215.8703314492290417 206.1552812808830311 196.4688270438849997 186.8154169226940553 177.2004514666934938 167.6305461424020962 158.1138830084189806 148.6606874731850496 139.2838827718412062 130 120.8304597359457233 111.8033988749894831 102.956301409870008 94.3398113205660422 86.0232526704262739 78.1024967590665398 70.7106781186547551 64.0312423743284853 58.3095189484530039
503.5871324805668792 493.6598018878993344 483.7354648979130047 473.814309619285325 463.8965401897280572 453.982378512646676 444.0720662234903671 434.1658669218481919 424.2640687119285303 414.3669871020132405 404.4749683231336803 394.5883931389771533 384.7076812334269107 374.8332962798262429 364.9657518178931923 355.1056180912940476 345.253530032641379 335.4101966249684779 325.5764119219941222 315.7530680769388596 305.9411708155670908 296.1418578992169159 286.3564212655270467 276.5863337187865909 266.8332812825266842 257.0992026436488231 247.3863375370596316 237.6972864800942489 228.0350850198275907 218.4032966784155576 208.8061301782109922 199.2485884517127488 189.7366596101027483 180.2775637731994607 170.8800749063506146 161.5549442140351175 152.3154621172781731 143.1782106327635233 134.1640786499873741 125.2996408614166768 116.6190378969060077 108.1665382639196764 100 92.1954445729288778 84.8528137423857061 78.1024967590665398 72.1110255092797843 67.082039324993687
504.876222454573508 494.9747468305832854 485.0773134253961416 475.1841748206688862 465.2956049652736397 455.4119014694280168 445.5333881989092788 435.6604182158392859 425.793377120875391 415.9326868617084187 406.0788100849390503 396.2322551231789589 386.3935817272331406 376.5634076752546093 366.7424164178449928 356.9313659514949109 347.1310991541956241 337.3425558686599857 327.5667870831840105 317.8049716414140562 308.0584360149872509 298.3286778035259772 288.6173937932362605 278.9265136196270873 269.2582403567251959 259.6150997149433692 250 240.4163056034261672 230.8679276123039017 221.3594362117865444 211.896201004170905 202.4845673131658828 193.1320791582796517 183.8477631085023631 174.6424919657298176 165.5294535724684977 156.524758424985265 147.6482306023339959 138.9244398944980503 130.3840481040529653 122.0655561573370278 114.0175425099137954 106.3014581273464927 98.9949493661166571 92.1954445729288778 86.0232526704262739 80.6225774829854913 76.1577310586390865
506.359556046886496 496.4876634922563881 486.6210024238575897 476.7598976424087027 466.9047011971500751 457.0557952810575557 447.2135954999579326 437.3785545725807538 427.5511665286389871 417.7319714841084419 407.9215610874227878 398.1205847478876763 388.3297567789520031 378.5498646149540036 368.7817782917155114 359.0264614203248357 349.2849839314596352 339.5585369269928719 329.8484500494128611 320.1562118716424266 310.4834939252004915 300.8321791298264429 291.2043955712207435 281.6025568065744551 272.0294101747088575 262.488094968133737 252.9822128134703405 243.5159132377184221 234.0939982143925135 224.7220505424423322 215.4065922853801567 206.1552812808830311 196.9771560359220928 187.8829422805593481 178.8854381999831844 170 161.2451549659709826 152.6433752247374684 144.2220510185595685 136.0147050873544288 128.0624847486569706 120.4159457879229507 113.1370849898476081 106.3014581273464927 100 94.3398113205660422 89.4427190999915922 85.4400374531753073
