landscapes/exported_ascii_MS_HABMAT_2PIX_TREES_DIST/simulation_000093_p025_h028_HABMAT_trees_2pix_edge_dist_modified.asc
ncols         512
nrows         512
xllcorner     0
yllcorner     0
cellsize      10
NODATA_value  -99
[rows 189 to 209 of 512, columns 192 to 239 of 512]
22.3606797749978981 31.6227766016837926 30 31.6227766016837926 36.0555127546398921 42.426406871192853 50 58.3095189484530039 67.082039324993687 76.1577310586390865 85.4400374531753073 89.4427190999915922 80.6225774829854913 72.1110255092797843 64.0312423743284853 56.568542494923804 50 44.7213595499957961 41.2310562561766076 40 41.2310562561766076 44.7213595499957961 50 56.568542494923804 64.0312423743284853 72.1110255092797843 80.6225774829854913 76.1577310586390865 67.082039324993687 58.3095189484530039 50 42.426406871192853 36.0555127546398921 31.6227766016837926 30 31.6227766016837926 36.0555127546398921 42.426406871192853 36.0555127546398921 28.284271247461902 22.3606797749978981 14.142135623730951 10 14.142135623730951 22.3606797749978981 31.6227766016837926 36.0555127546398921 42.426406871192853
28.284271247461902 36.0555127546398921 40 41.2310562561766076 44.7213595499957961 50 56.568542494923804 64.0312423743284853 72.1110255092797843 80.6225774829854913 89.4427190999915922 94.3398113205660422 86.0232526704262739 78.1024967590665398 70.7106781186547551 64.0312423743284853 58.3095189484530039 53.8516480713450392 50.9901951359278485 50 50.9901951359278485 53.8516480713450392 58.3095189484530039 60.8276253029821987 63.2455532033675851 67.082039324993687 72.1110255092797843 78.1024967590665398 72.1110255092797843 64.0312423743284853 56.568542494923804 50 44.7213595499957961 41.2310562561766076 40 41.2310562561766076 44.7213595499957961 50 42.426406871192853 36.0555127546398921 28.284271247461902 22.3606797749978981 20 22.3606797749978981 20 22.3606797749978981 28.284271247461902 36.0555127546398921
22.3606797749978981 31.6227766016837926 41.2310562561766076 50 53.8516480713450392 58.3095189484530039 64.0312423743284853 70.7106781186547551 78.1024967590665398 86.0232526704262739 94.3398113205660422 100 92.1954445729288778 84.8528137423857061 78.1024967590665398 72.1110255092797843 67.082039324993687 63.2455532033675851 60.8276253029821987 58.3095189484530039 53.8516480713450392 50.9901951359278485 50 50.9901951359278485 53.8516480713450392 58.3095189484530039 64.0312423743284853 70.7106781186547551 78.1024967590665398 70.7106781186547551 64.0312423743284853 58.3095189484530039 53.8516480713450392 50.9901951359278485 50 50.9901951359278485 53.8516480713450392 56.568542494923804 50 42.426406871192853 36.0555127546398921 31.6227766016837926 22.3606797749978981 14.142135623730951 10 14.142135623730951 22.3606797749978981 31.6227766016837926
20 30 36.0555127546398921 42.426406871192853 50 58.3095189484530039 67.082039324993687 76.1577310586390865 84.8528137423857061 92.1954445729288778 100 106.3014581273464927 98.9949493661166571 92.1954445729288778 86.0232526704262739 80.6225774829854913 72.1110255092797843 64.0312423743284853 56.568542494923804 50 44.7213595499957961 41.2310562561766076 40 41.2310562561766076 44.7213595499957961 50 56.568542494923804 64.0312423743284853 72.1110255092797843 78.1024967590665398 72.1110255092797843 67.082039324993687 63.2455532033675851 60.8276253029821987 60 60.8276253029821987 58.3095189484530039 50 42.426406871192853 36.0555127546398921 31.6227766016837926 30 20 10 -10 10 20 22.3606797749978981
20 22.3606797749978981 28.284271247461902 36.0555127546398921 44.7213595499957961 53.8516480713450392 63.2455532033675851 72.8010988928051859 82.4621125123532153 92.1954445729288778 101.9803902718556969 111.8033988749894831 104.4030650891054961 94.8683298050513741 85.4400374531753073 76.1577310586390865 67.082039324993687 58.3095189484530039 50 42.426406871192853 36.0555127546398921 31.6227766016837926 30 31.6227766016837926 36.0555127546398921 42.426406871192853 50 58.3095189484530039 67.082039324993687 76.1577310586390865 80.6225774829854913 76.1577310586390865 72.8010988928051859 70.7106781186547551 70 63.2455532033675851 53.8516480713450392 44.7213595499957961 36.0555127546398921 28.284271247461902 22.3606797749978981 20 22.3606797749978981 14.142135623730951 10 14.142135623730951 10 14.142135623730951
10 14.142135623730951 22.3606797749978981 31.6227766016837926 41.2310562561766076 50.9901951359278485 60.8276253029821987 70.7106781186547551 80.6225774829854913 90.553851381374173 100.4987562112088995 110.4536101718726115 101.9803902718556969 92.1954445729288778 82.4621125123532153 72.8010988928051859 63.2455532033675851 53.8516480713450392 44.7213595499957961 36.0555127546398921 28.284271247461902 22.3606797749978981 20 22.3606797749978981 28.284271247461902 36.0555127546398921 44.7213595499957961 53.8516480713450392 63.2455532033675851 72.8010988928051859 82.4621125123532153 85.4400374531753073 82.4621125123532153 80.6225774829854913 70.7106781186547551 60.8276253029821987 50.9901951359278485 41.2310562561766076 31.6227766016837926 22.3606797749978981 14.142135623730951 10 14.142135623730951 22.3606797749978981 14.142135623730951 10 -10 10
-10 10 20 30 40 50 60 70 80 90 100 110 100.4987562112088995 90.553851381374173 80.6225774829854913 70.7106781186547551 60.8276253029821987 50.9901951359278485 41.2310562561766076 31.6227766016837926 22.3606797749978981 14.142135623730951 10 14.142135623730951 22.3606797749978981 31.6227766016837926 41.2310562561766076 50.9901951359278485 60.8276253029821987 70.7106781186547551 80.6225774829854913 86.0232526704262739 90 80 70 60 50 40 30 20 10 -10 10 20 10 -10 10 14.142135623730951
10 14.142135623730951 22.3606797749978981 31.6227766016837926 41.2310562561766076 50.9901951359278485 60.8276253029821987 70.7106781186547551 80.6225774829854913 90.553851381374173 100.4987562112088995 110 100 90 80 70 60 50 40 30 20 10 -10 10 20 30 40 50 60 67.082039324993687 72.1110255092797843 78.1024967590665398 84.8528137423857061 80.6225774829854913 70.7106781186547551 60.8276253029821987 50.9901951359278485 41.2310562561766076 31.6227766016837926 22.3606797749978981 14.142135623730951 10 14.142135623730951 22.3606797749978981 14.142135623730951 10 14.142135623730951 22.3606797749978981
20 22.3606797749978981 28.284271247461902 36.0555127546398921 44.7213595499957961 53.8516480713450392 63.2455532033675851 72.8010988928051859 82.4621125123532153 92.1954445729288778 101.9803902718556969 110.4536101718726115 100.4987562112088995 90.553851381374173 80.6225774829854913 70.7106781186547551 60.8276253029821987 50.9901951359278485 41.2310562561766076 31.6227766016837926 22.3606797749978981 14.142135623730951 10 14.142135623730951 22.3606797749978981 31.6227766016837926 41.2310562561766076 50.9901951359278485 53.8516480713450392 58.3095189484530039 64.0312423743284853 70.7106781186547551 78.1024967590665398 82.4621125123532153 72.8010988928051859 63.2455532033675851 53.8516480713450392 44.7213595499957961 36.0555127546398921 28.284271247461902 22.3606797749978981 20 22.3606797749978981 20 10 -10 10 20
30 31.6227766016837926 36.0555127546398921 42.426406871192853 50 58.3095189484530039 67.082039324993687 76.1577310586390865 85.4400374531753073 94.8683298050513741 104.4030650891054961 111.8033988749894831 101.9803902718556969 92.1954445729288778 82.4621125123532153 72.8010988928051859 63.2455532033675851 53.8516480713450392 44.7213595499957961 36.0555127546398921 28.284271247461902 22.3606797749978981 20 22.3606797749978981 28.284271247461902 36.0555127546398921 40 41.2310562561766076 44.7213595499957961 50 56.568542494923804 64.0312423743284853 72.1110255092797843 80.6225774829854913 76.1577310586390865 67.082039324993687 58.3095189484530039 50 42.426406871192853 36.0555127546398921 31.6227766016837926 30 31.6227766016837926 22.3606797749978981 14.142135623730951 10 14.142135623730951 20
40 41.2310562561766076 44.7213595499957961 50 56.568542494923804 64.0312423743284853 72.1110255092797843 80.6225774829854913 89.4427190999915922 98.4885780179610464 107.7032961426900783 114.0175425099137954 104.4030650891054961 94.8683298050513741 85.4400374531753073 76.1577310586390865 67.082039324993687 58.3095189484530039 50 42.426406871192853 36.0555127546398921 31.6227766016837926 30 31.6227766016837926 36.0555127546398921 31.6227766016837926 30 31.6227766016837926 36.0555127546398921 42.426406871192853 50 58.3095189484530039 67.082039324993687 76.1577310586390865 80.6225774829854913 72.1110255092797843 64.0312423743284853 56.568542494923804 50 44.7213595499957961 41.2310562561766076 40 36.0555127546398921 28.284271247461902 22.3606797749978981 14.142135623730951 10 10
50 50.9901951359278485 53.8516480713450392 58.3095189484530039 64.0312423743284853 70.7106781186547551 78.1024967590665398 86.0232526704262739 94.3398113205660422 102.956301409870008 111.8033988749894831 117.0469991071962568 107.7032961426900783 98.4885780179610464 89.4427190999915922 80.6225774829854913 72.1110255092797843 64.0312423743284853 56.568542494923804 50 44.7213595499957961 41.2310562561766076 40 36.0555127546398921 28.284271247461902 22.3606797749978981 20 22.3606797749978981 28.284271247461902 36.0555127546398921 44.7213595499957961 53.8516480713450392 63.2455532033675851 70 70.7106781186547551 72.8010988928051859 70.7106781186547551 64.0312423743284853 58.3095189484530039 53.8516480713450392 50.9901951359278485 50 40 30 20 10 -10 -10
60 60.8276253029821987 63.2455532033675851 67.082039324993687 72.1110255092797843 78.1024967590665398 84.8528137423857061 92.1954445729288778 100 108.1665382639196764 116.6190378969060077 120.8304597359457233 111.8033988749894831 102.956301409870008 94.3398113205660422 86.0232526704262739 78.1024967590665398 70.7106781186547551 64.0312423743284853 58.3095189484530039 53.8516480713450392 50.9901951359278485 41.2310562561766076 31.6227766016837926 22.3606797749978981 14.142135623730951 10 14.142135623730951 22.3606797749978981 31.6227766016837926 41.2310562561766076 50.9901951359278485 60.8276253029821987 60 60.8276253029821987 63.2455532033675851 67.082039324993687 72.1110255092797843 67.082039324993687 63.2455532033675851 60.8276253029821987 50.9901951359278485 41.2310562561766076 31.6227766016837926 22.3606797749978981 14.142135623730951 10 10
70 70.7106781186547551 72.8010988928051859 76.1577310586390865 80.6225774829854913 86.0232526704262739 92.1954445729288778 98.9949493661166571 106.3014581273464927 114.0175425099137954 122.0655561573370278 125.2996408614166768 116.6190378969060077 108.1665382639196764 100 92.1954445729288778 84.8528137423857061 78.1024967590665398 72.1110255092797843 67.082039324993687 60 50 40 30 20 10 -10 10 20 30 40 50 50.9901951359278485 50 50.9901951359278485 53.8516480713450392 58.3095189484530039 64.0312423743284853 70.7106781186547551 72.8010988928051859 63.2455532033675851 53.8516480713450392 44.7213595499957961 36.0555127546398921 28.284271247461902 22.3606797749978981 20 20
80 80.6225774829854913 82.4621125123532153 85.4400374531753073 89.4427190999915922 94.3398113205660422 100 106.3014581273464927 113.1370849898476081 120.4159457879229507 120.4159457879229507 120 120.4159457879229507 114.0175425099137954 106.3014581273464927 98.9949493661166571 92.1954445729288778 86.0232526704262739 80.6225774829854913 70.7106781186547551 60.8276253029821987 50.9901951359278485 41.2310562561766076 31.6227766016837926 22.3606797749978981 14.142135623730951 10 14.142135623730951 22.3606797749978981 31.6227766016837926 41.2310562561766076 44.7213595499957961 41.2310562561766076 40 41.2310562561766076 44.7213595499957961 50 56.568542494923804 64.0312423743284853 72.1110255092797843 64.0312423743284853 56.568542494923804 50 42.426406871192853 36.0555127546398921 31.6227766016837926 30 30
90 90.553851381374173 92.1954445729288778 94.8683298050513741 98.4885780179610464 102.956301409870008 108.1665382639196764 114.0175425099137954 114.0175425099137954 111.8033988749894831 110.4536101718726115 110 110.4536101718726115 111.8033988749894831 113.1370849898476081 106.3014581273464927 100 92.1954445729288778 82.4621125123532153 72.8010988928051859 63.2455532033675851 53.8516480713450392 44.7213595499957961 36.0555127546398921 28.284271247461902 22.3606797749978981 20 22.3606797749978981 28.284271247461902 36.0555127546398921 42.426406871192853 36.0555127546398921 31.6227766016837926 30 31.6227766016837926 36.0555127546398921 42.426406871192853 50 58.3095189484530039 67.082039324993687 58.3095189484530039 50 42.426406871192853 36.0555127546398921 31.6227766016837926 30 31.6227766016837926 36.0555127546398921
100 100.4987562112088995 100.4987562112088995 100 100.4987562112088995 101.9803902718556969 104.4030650891054961 107.7032961426900783 104.4030650891054961 101.9803902718556969 100.4987562112088995 100 100.4987562112088995 101.9803902718556969 104.4030650891054961 107.7032961426900783 100.4987562112088995 90.553851381374173 80.6225774829854913 70.7106781186547551 60.8276253029821987 50.9901951359278485 41.2310562561766076 31.6227766016837926 22.3606797749978981 14.142135623730951 10 14.142135623730951 22.3606797749978981 31.6227766016837926 36.0555127546398921 28.284271247461902 22.3606797749978981 20 22.3606797749978981 28.284271247461902 36.0555127546398921 44.7213595499957961 53.8516480713450392 63.2455532033675851 53.8516480713450392 44.7213595499957961 36.0555127546398921 28.284271247461902 22.3606797749978981 20 22.3606797749978981 28.284271247461902
94.8683298050513741 92.1954445729288778 90.553851381374173 90 90.553851381374173 92.1954445729288778 94.8683298050513741 98.4885780179610464 94.8683298050513741 92.1954445729288778 90.553851381374173 90 90.553851381374173 92.1954445729288778 94.8683298050513741 98.4885780179610464 100 90 80 70 60 50 40 30 20 10 -10 10 20 30 31.6227766016837926 22.3606797749978981 14.142135623730951 10 14.142135623730951 22.3606797749978981 31.6227766016837926 41.2310562561766076 50.9901951359278485 60.8276253029821987 50.9901951359278485 41.2310562561766076 31.6227766016837926 22.3606797749978981 14.142135623730951 10 14.142135623730951 22.3606797749978981
85.4400374531753073 82.4621125123532153 80.6225774829854913 80 80.6225774829854913 82.4621125123532153 85.4400374531753073 89.4427190999915922 85.4400374531753073 82.4621125123532153 80.6225774829854913 80 80.6225774829854913 82.4621125123532153 85.4400374531753073 89.4427190999915922 94.3398113205660422 90.553851381374173 80.6225774829854913 70.7106781186547551 60.8276253029821987 50.9901951359278485 41.2310562561766076 31.6227766016837926 22.3606797749978981 14.142135623730951 10 14.142135623730951 22.3606797749978981 31.6227766016837926 30 20 10 -10 10 20 30 40 50 60 50 40 30 20 10 -10 10 20
76.1577310586390865 72.8010988928051859 70.7106781186547551 70 70.7106781186547551 72.8010988928051859 76.1577310586390865 80.6225774829854913 76.1577310586390865 72.8010988928051859 70.7106781186547551 70 70.7106781186547551 72.8010988928051859 76.1577310586390865 80.6225774829854913 86.0232526704262739 86.0232526704262739 78.1024967590665398 70.7106781186547551 63.2455532033675851 53.8516480713450392 44.7213595499957961 36.0555127546398921 28.284271247461902 22.3606797749978981 20 22.3606797749978981 28.284271247461902 36.0555127546398921 31.6227766016837926 22.3606797749978981 14.142135623730951 10 14.142135623730951 22.3606797749978981 31.6227766016837926 41.2310562561766076 50.9901951359278485 60.8276253029821987 50.9901951359278485 41.2310562561766076 31.6227766016837926 22.3606797749978981 14.142135623730951 10 14.142135623730951 22.3606797749978981
67.082039324993687 63.2455532033675851 60.8276253029821987 60 60.8276253029821987 63.2455532033675851 67.082039324993687 72.1110255092797843 67.082039324993687 63.2455532033675851 60.8276253029821987 60 60.8276253029821987 63.2455532033675851 67.082039324993687 72.1110255092797843 78.1024967590665398 80.6225774829854913 72.1110255092797843 64.0312423743284853 56.568542494923804 50 44.7213595499957961 41.2310562561766076 36.0555127546398921 31.6227766016837926 30 31.6227766016837926 36.0555127546398921 42.426406871192853 36.0555127546398921 28.284271247461902 22.3606797749978981 20 22.3606797749978981 28.284271247461902 36.0555127546398921 44.7213595499957961 53.8516480713450392 63.2455532033675851 53.8516480713450392 44.7213595499957961 36.0555127546398921 28.284271247461902 22.3606797749978981 20 22.3606797749978981 28.284271247461902
