landscapes/exported_ascii_MS_HABMAT_2PIX_TREES_DIST/simulation_000093_p025_h028_HABMAT_trees_2pix_edge_dist_modified.asc
ncols         512
nrows         512
xllcorner     0
yllcorner     0
cellsize      10
NODATA_value  -99
[rows 336 to 356 of 512, columns 240 to 287 of 512]
10 14.142135623730951 22.3606797749978981 31.6227766016837926 31.6227766016837926 22.3606797749978981 14.142135623730951 10 14.142135623730951 22.3606797749978981 31.6227766016837926 22.3606797749978981 14.142135623730951 10 -10 10 20 30 28.284271247461902 22.3606797749978981 20 22.3606797749978981 28.284271247461902 22.3606797749978981 14.142135623730951 10 14.142135623730951 10 14.142135623730951 22.3606797749978981 31.6227766016837926 41.2310562561766076 50.9901951359278485 60.8276253029821987 58.3095189484530039 50 40 30 20 10 -10 -10 10 20 30 40 50 60
-10 10 20 30 30 20 10 -10 10 20 30 28.284271247461902 22.3606797749978981 14.142135623730951 10 14.142135623730951 22.3606797749978981 31.6227766016837926 36.0555127546398921 31.6227766016837926 30 31.6227766016837926 30 20 10 -10 10 20 22.3606797749978981 28.284271247461902 36.0555127546398921 44.7213595499957961 53.8516480713450392 56.568542494923804 50 44.7213595499957961 41.2310562561766076 31.6227766016837926 22.3606797749978981 14.142135623730951 10 10 14.142135623730951 22.3606797749978981 31.6227766016837926 41.2310562561766076 50.9901951359278485 60.8276253029821987
10 14.142135623730951 22.3606797749978981 31.6227766016837926 31.6227766016837926 22.3606797749978981 14.142135623730951 10 14.142135623730951 22.3606797749978981 31.6227766016837926 36.0555127546398921 28.284271247461902 22.3606797749978981 20 22.3606797749978981 28.284271247461902 36.0555127546398921 44.7213595499957961 41.2310562561766076 40 41.2310562561766076 31.6227766016837926 22.3606797749978981 14.142135623730951 10 14.142135623730951 22.3606797749978981 31.6227766016837926 36.0555127546398921 42.426406871192853 50 58.3095189484530039 50 42.426406871192853 36.0555127546398921 31.6227766016837926 30 28.284271247461902 22.3606797749978981 20 20 22.3606797749978981 28.284271247461902 36.0555127546398921 44.7213595499957961 53.8516480713450392 63.2455532033675851
20 22.3606797749978981 28.284271247461902 36.0555127546398921 28.284271247461902 22.3606797749978981 20 20 22.3606797749978981 28.284271247461902 36.0555127546398921 31.6227766016837926 30 30 30 31.6227766016837926 36.0555127546398921 42.426406871192853 50 50.9901951359278485 50 44.7213595499957961 36.0555127546398921 28.284271247461902 22.3606797749978981 20 22.3606797749978981 28.284271247461902 36.0555127546398921 44.7213595499957961 50 56.568542494923804 53.8516480713450392 44.7213595499957961 36.0555127546398921 28.284271247461902 22.3606797749978981 20 22.3606797749978981 28.284271247461902 30 30 30 31.6227766016837926 36.0555127546398921 42.426406871192853 50 58.3095189484530039
30 31.6227766016837926 36.0555127546398921 28.284271247461902 22.3606797749978981 14.142135623730951 10 14.142135623730951 22.3606797749978981 31.6227766016837926 28.284271247461902 22.3606797749978981 20 20 22.3606797749978981 28.284271247461902 36.0555127546398921 44.7213595499957961 53.8516480713450392 60.8276253029821987 58.3095189484530039 50 42.426406871192853 36.0555127546398921 31.6227766016837926 30 31.6227766016837926 36.0555127546398921 42.426406871192853 50 58.3095189484530039 60.8276253029821987 50.9901951359278485 41.2310562561766076 31.6227766016837926 22.3606797749978981 14.142135623730951 10 14.142135623730951 22.3606797749978981 28.284271247461902 22.3606797749978981 20 22.3606797749978981 28.284271247461902 36.0555127546398921 44.7213595499957961 53.8516480713450392
30 31.6227766016837926 31.6227766016837926 22.3606797749978981 14.142135623730951 10 -10 10 20 30 22.3606797749978981 14.142135623730951 10 10 14.142135623730951 22.3606797749978981 31.6227766016837926 41.2310562561766076 50.9901951359278485 60.8276253029821987 64.0312423743284853 56.568542494923804 50 44.7213595499957961 41.2310562561766076 40 41.2310562561766076 44.7213595499957961 50 56.568542494923804 53.8516480713450392 50.9901951359278485 50 40 30 20 10 -10 10 20 22.3606797749978981 14.142135623730951 10 14.142135623730951 22.3606797749978981 31.6227766016837926 41.2310562561766076 50.9901951359278485
20 22.3606797749978981 28.284271247461902 20 10 -10 10 14.142135623730951 22.3606797749978981 30 20 10 -10 -10 10 20 30 40 50 60 70 64.0312423743284853 58.3095189484530039 53.8516480713450392 50.9901951359278485 50 50.9901951359278485 53.8516480713450392 56.568542494923804 50 44.7213595499957961 41.2310562561766076 40 36.0555127546398921 31.6227766016837926 22.3606797749978981 14.142135623730951 10 14.142135623730951 22.3606797749978981 20 10 -10 10 20 30 40 50
10 14.142135623730951 22.3606797749978981 22.3606797749978981 14.142135623730951 10 14.142135623730951 22.3606797749978981 28.284271247461902 31.6227766016837926 22.3606797749978981 14.142135623730951 10 10 14.142135623730951 22.3606797749978981 31.6227766016837926 41.2310562561766076 50.9901951359278485 60.8276253029821987 70.7106781186547551 72.1110255092797843 67.082039324993687 63.2455532033675851 60.8276253029821987 60 60.8276253029821987 58.3095189484530039 50 42.426406871192853 36.0555127546398921 31.6227766016837926 30 28.284271247461902 22.3606797749978981 20 22.3606797749978981 14.142135623730951 10 14.142135623730951 22.3606797749978981 14.142135623730951 10 14.142135623730951 22.3606797749978981 31.6227766016837926 41.2310562561766076 50.9901951359278485
-10 10 20 22.3606797749978981 14.142135623730951 10 14.142135623730951 22.3606797749978981 31.6227766016837926 36.0555127546398921 28.284271247461902 22.3606797749978981 20 20 22.3606797749978981 28.284271247461902 36.0555127546398921 44.7213595499957961 53.8516480713450392 63.2455532033675851 72.8010988928051859 80.6225774829854913 76.1577310586390865 72.8010988928051859 70.7106781186547551 70 63.2455532033675851 53.8516480713450392 44.7213595499957961 36.0555127546398921 28.284271247461902 22.3606797749978981 20 22.3606797749978981 14.142135623730951 10 14.142135623730951 10 -10 10 20 22.3606797749978981 20 22.3606797749978981 28.284271247461902 36.0555127546398921 44.7213595499957961 53.8516480713450392
10 14.142135623730951 22.3606797749978981 20 10 -10 10 20 30 40 36.0555127546398921 31.6227766016837926 30 30 31.6227766016837926 36.0555127546398921 42.426406871192853 50 58.3095189484530039 67.082039324993687 76.1577310586390865 85.4400374531753073 85.4400374531753073 82.4621125123532153 80.6225774829854913 70.7106781186547551 60.8276253029821987 50.9901951359278485 41.2310562561766076 31.6227766016837926 22.3606797749978981 14.142135623730951 10 14.142135623730951 10 -10 10 14.142135623730951 10 10 14.142135623730951 22.3606797749978981 30 31.6227766016837926 36.0555127546398921 42.426406871192853 50 58.3095189484530039
14.142135623730951 22.3606797749978981 28.284271247461902 22.3606797749978981 14.142135623730951 10 14.142135623730951 22.3606797749978981 31.6227766016837926 41.2310562561766076 44.7213595499957961 41.2310562561766076 40 40 41.2310562561766076 44.7213595499957961 50 56.568542494923804 64.0312423743284853 72.1110255092797843 80.6225774829854913 89.4427190999915922 94.8683298050513741 85.4400374531753073 76.1577310586390865 67.082039324993687 58.3095189484530039 50 40 30 20 10 -10 10 14.142135623730951 10 14.142135623730951 20 10 -10 10 20 30 40 44.7213595499957961 50 56.568542494923804 63.2455532033675851
22.3606797749978981 28.284271247461902 36.0555127546398921 28.284271247461902 22.3606797749978981 20 22.3606797749978981 28.284271247461902 36.0555127546398921 44.7213595499957961 53.8516480713450392 50.9901951359278485 50 50 50.9901951359278485 53.8516480713450392 58.3095189484530039 64.0312423743284853 70.7106781186547551 78.1024967590665398 86.0232526704262739 94.3398113205660422 92.1954445729288778 82.4621125123532153 72.8010988928051859 63.2455532033675851 53.8516480713450392 44.7213595499957961 36.0555127546398921 28.284271247461902 22.3606797749978981 14.142135623730951 10 -10 10 20 22.3606797749978981 20 10 -10 10 20 30 40 50 58.3095189484530039 64.0312423743284853 67.082039324993687
28.284271247461902 36.0555127546398921 42.426406871192853 36.0555127546398921 31.6227766016837926 30 31.6227766016837926 36.0555127546398921 42.426406871192853 50 58.3095189484530039 60.8276253029821987 60 60 60.8276253029821987 63.2455532033675851 67.082039324993687 72.1110255092797843 78.1024967590665398 84.8528137423857061 92.1954445729288778 100 90.553851381374173 80.6225774829854913 70.7106781186547551 60.8276253029821987 50.9901951359278485 41.2310562561766076 31.6227766016837926 22.3606797749978981 14.142135623730951 10 10 10 14.142135623730951 22.3606797749978981 31.6227766016837926 22.3606797749978981 14.142135623730951 10 14.142135623730951 22.3606797749978981 31.6227766016837926 41.2310562561766076 50.9901951359278485 60.8276253029821987 63.2455532033675851 60.8276253029821987
22.3606797749978981 31.6227766016837926 41.2310562561766076 44.7213595499957961 41.2310562561766076 40 41.2310562561766076 44.7213595499957961 50 56.568542494923804 64.0312423743284853 70.7106781186547551 70 70 70.7106781186547551 72.8010988928051859 76.1577310586390865 80.6225774829854913 86.0232526704262739 92.1954445729288778 94.8683298050513741 98.4885780179610464 90 80 70 60 50 40 30 20 10 -10 -10 10 20 28.284271247461902 36.0555127546398921 28.284271247461902 22.3606797749978981 20 22.3606797749978981 28.284271247461902 36.0555127546398921 44.7213595499957961 53.8516480713450392 58.3095189484530039 53.8516480713450392 50.9901951359278485
20 30 40 50 50.9901951359278485 50 50.9901951359278485 53.8516480713450392 58.3095189484530039 64.0312423743284853 70.7106781186547551 78.1024967590665398 80 80 80.6225774829854913 82.4621125123532153 80.6225774829854913 80 80.6225774829854913 82.4621125123532153 85.4400374531753073 89.4427190999915922 90.553851381374173 80.6225774829854913 70.7106781186547551 60.8276253029821987 50.9901951359278485 41.2310562561766076 31.6227766016837926 22.3606797749978981 14.142135623730951 10 10 14.142135623730951 22.3606797749978981 31.6227766016837926 36.0555127546398921 28.284271247461902 22.3606797749978981 20 22.3606797749978981 28.284271247461902 36.0555127546398921 44.7213595499957961 53.8516480713450392 50 44.7213595499957961 41.2310562561766076
22.3606797749978981 31.6227766016837926 41.2310562561766076 50.9901951359278485 60.8276253029821987 60 60.8276253029821987 63.2455532033675851 67.082039324993687 72.1110255092797843 78.1024967590665398 84.8528137423857061 86.0232526704262739 80.6225774829854913 76.1577310586390865 72.8010988928051859 70.7106781186547551 70 70.7106781186547551 72.8010988928051859 76.1577310586390865 80.6225774829854913 86.0232526704262739 82.4621125123532153 72.8010988928051859 63.2455532033675851 53.8516480713450392 44.7213595499957961 36.0555127546398921 28.284271247461902 22.3606797749978981 20 20 22.3606797749978981 28.284271247461902 36.0555127546398921 31.6227766016837926 22.3606797749978981 14.142135623730951 10 14.142135623730951 22.3606797749978981 31.6227766016837926 41.2310562561766076 50 42.426406871192853 36.0555127546398921 31.6227766016837926
28.284271247461902 36.0555127546398921 44.7213595499957961 53.8516480713450392 63.2455532033675851 67.082039324993687 70.7106781186547551 72.8010988928051859 76.1577310586390865 80.6225774829854913 86.0232526704262739 84.8528137423857061 78.1024967590665398 72.1110255092797843 67.082039324993687 63.2455532033675851 60.8276253029821987 60 60.8276253029821987 63.2455532033675851 67.082039324993687 72.1110255092797843 78.1024967590665398 84.8528137423857061 76.1577310586390865 67.082039324993687 58.3095189484530039 50 42.426406871192853 36.0555127546398921 31.6227766016837926 30 30 31.6227766016837926 36.0555127546398921 40 30 20 10 -10 10 20 30 40 44.7213595499957961 36.0555127546398921 28.284271247461902 22.3606797749978981
36.0555127546398921 42.426406871192853 50 50.9901951359278485 53.8516480713450392 58.3095189484530039 64.0312423743284853 70.7106781186547551 78.1024967590665398 86.0232526704262739 86.0232526704262739 78.1024967590665398 70.7106781186547551 64.0312423743284853 58.3095189484530039 53.8516480713450392 50.9901951359278485 50 50.9901951359278485 53.8516480713450392 58.3095189484530039 64.0312423743284853 70.7106781186547551 78.1024967590665398 80.6225774829854913 72.1110255092797843 64.0312423743284853 56.568542494923804 50 44.7213595499957961 41.2310562561766076 40 40 41.2310562561766076 44.7213595499957961 41.2310562561766076 31.6227766016837926 22.3606797749978981 14.142135623730951 10 14.142135623730951 22.3606797749978981 31.6227766016837926 41.2310562561766076 41.2310562561766076 31.6227766016837926 22.3606797749978981 14.142135623730951
44.7213595499957961 41.2310562561766076 40 41.2310562561766076 44.7213595499957961 50 56.568542494923804 64.0312423743284853 72.1110255092797843 80.6225774829854913 80.6225774829854913 72.1110255092797843 64.0312423743284853 56.568542494923804 50 44.7213595499957961 41.2310562561766076 40 41.2310562561766076 44.7213595499957961 50 56.568542494923804 64.0312423743284853 72.1110255092797843 80.6225774829854913 78.1024967590665398 70.7106781186547551 64.0312423743284853 58.3095189484530039 53.8516480713450392 50.9901951359278485 50 50 50.9901951359278485 53.8516480713450392 44.7213595499957961 36.0555127546398921 28.284271247461902 22.3606797749978981 20 22.3606797749978981 28.284271247461902 36.0555127546398921 44.7213595499957961 40 30 20 10
36.0555127546398921 31.6227766016837926 30 31.6227766016837926 36.0555127546398921 42.426406871192853 50 58.3095189484530039 67.082039324993687 76.1577310586390865 76.1577310586390865 67.082039324993687 58.3095189484530039 50 42.426406871192853 36.0555127546398921 31.6227766016837926 30 31.6227766016837926 36.0555127546398921 42.426406871192853 50 58.3095189484530039 67.082039324993687 76.1577310586390865 84.8528137423857061 78.1024967590665398 72.1110255092797843 67.082039324993687 63.2455532033675851 60.8276253029821987 60 60 60.8276253029821987 58.3095189484530039 50 42.426406871192853 36.0555127546398921 31.6227766016837926 30 31.6227766016837926 36.0555127546398921 42.426406871192853 50 41.2310562561766076 31.6227766016837926 22.3606797749978981 14.142135623730951
28.284271247461902 22.3606797749978981 20 22.3606797749978981 28.284271247461902 36.0555127546398921 44.7213595499957961 53.8516480713450392 63.2455532033675851 72.8010988928051859 72.8010988928051859 63.2455532033675851 53.8516480713450392 44.7213595499957961 36.0555127546398921 28.284271247461902 22.3606797749978981 20 22.3606797749978981 28.284271247461902 36.0555127546398921 44.7213595499957961 53.8516480713450392 63.2455532033675851 72.8010988928051859 82.4621125123532153 86.0232526704262739 80.6225774829854913 76.1577310586390865 72.8010988928051859 70.7106781186547551 70 70 70.7106781186547551 64.0312423743284853 56.568542494923804 50 44.7213595499957961 41.2310562561766076 40 41.2310562561766076 44.7213595499957961 50 50 42.426406871192853 36.0555127546398921 28.284271247461902 22.3606797749978981
