landscapes/exported_ascii_MS_HABMAT_2PIX_TREES_DIST/simulation_000023_p019_h036_HABMAT_trees_2pix_edge_dist_modified.asc
ncols         512
nrows         512
xllcorner     0
yllcorner     0
cellsize      10
NODATA_value  -99
[rows 483 to 503 of 512, columns 141 to 187 of 512]
41.2310562561766076 40 41.2310562561766076 44.7213595499957961 50 56.568542494923804 64.0312423743284853 72.1110255092797843 80.6225774829854913 89.4427190999915922 98.4885780179610464 107.7032961426900783 117.0469991071962568 126.4911064067351703 136.0147050873544288 145.6021977856103717 155.2417469626002458 164.9242250247064305 174.6424919657298176 184.3908891458577557 194.1648783894760015 203.9607805437113939 213.7755832643194935 223.6067977499789663 233.4523505985750376 243.3105012119287949 253.179778023443248 263.0589287593181211 272.9468812791236019 282.8427124746190202 278.9265136196270873 269.2582403567251959 259.6150997149433692 250 240.4163056034261672 230.8679276123039017 221.3594362117865444 211.896201004170905 202.4845673131658828 193.1320791582796517 183.8477631085023631 174.6424919657298176 165.5294535724684977 156.524758424985265 147.6482306023339959 138.9244398944980503 130.3840481040529653
50.9901951359278485 50 50.9901951359278485 53.8516480713450392 58.3095189484530039 64.0312423743284853 70.7106781186547551 78.1024967590665398 86.0232526704262739 94.3398113205660422 102.956301409870008 111.8033988749894831 120.8304597359457233 130 139.2838827718412062 148.6606874731850496 158.1138830084189806 167.6305461424020962 177.2004514666934938 186.8154169226940553 196.4688270438849997 206.1552812808830311 215.8703314492290417 225.6102834535695649 235.3720459187964025 245.1530134426252516 254.9509756796392423 264.7640458974745457 274.5906043549196056 284.4292530665578624 276.5863337187865909 266.8332812825266842 257.0992026436488231 247.3863375370596316 237.6972864800942489 228.0350850198275907 218.4032966784155576 208.8061301782109922 199.2485884517127488 189.7366596101027483 180.2775637731994607 170.8800749063506146 161.5549442140351175 152.3154621172781731 143.1782106327635233 134.1640786499873741 125.2996408614166768
60.8276253029821987 60 60.8276253029821987 63.2455532033675851 67.082039324993687 72.1110255092797843 78.1024967590665398 84.8528137423857061 92.1954445729288778 100 108.1665382639196764 116.6190378969060077 125.2996408614166768 134.1640786499873741 143.1782106327635233 152.3154621172781731 161.5549442140351175 170.8800749063506146 180.2775637731994607 189.7366596101027483 199.2485884517127488 208.8061301782109922 218.4032966784155576 228.0350850198275907 237.6972864800942489 247.3863375370596316 257.0992026436488231 266.8332812825266842 276.5863337187865909 284.4292530665578624 274.5906043549196056 264.7640458974745457 254.9509756796392423 245.1530134426252516 235.3720459187964025 225.6102834535695649 215.8703314492290417 206.1552812808830311 196.4688270438849997 186.8154169226940553 177.2004514666934938 167.6305461424020962 158.1138830084189806 148.6606874731850496 139.2838827718412062 130 120.8304597359457233
70.7106781186547551 70 70.7106781186547551 72.8010988928051859 76.1577310586390865 80.6225774829854913 86.0232526704262739 92.1954445729288778 98.9949493661166571 106.3014581273464927 114.0175425099137954 122.0655561573370278 130.3840481040529653 138.9244398944980503 147.6482306023339959 156.524758424985265 165.5294535724684977 174.6424919657298176 183.8477631085023631 193.1320791582796517 202.4845673131658828 211.896201004170905 221.3594362117865444 230.8679276123039017 240.4163056034261672 250 259.6150997149433692 269.2582403567251959 278.9265136196270873 282.8427124746190202 272.9468812791236019 263.0589287593181211 253.179778023443248 243.3105012119287949 233.4523505985750376 223.6067977499789663 213.7755832643194935 203.9607805437113939 194.1648783894760015 184.3908891458577557 174.6424919657298176 164.9242250247064305 155.2417469626002458 145.6021977856103717 136.0147050873544288 126.4911064067351703 117.0469991071962568
80.6225774829854913 80 80.6225774829854913 82.4621125123532153 85.4400374531753073 89.4427190999915922 94.3398113205660422 100 106.3014581273464927 113.1370849898476081 120.4159457879229507 128.0624847486569706 136.0147050873544288 144.2220510185595685 152.6433752247374684 161.2451549659709826 170 178.8854381999831844 187.8829422805593481 196.9771560359220928 206.1552812808830311 215.4065922853801567 224.7220505424423322 234.0939982143925135 243.5159132377184221 252.9822128134703405 262.488094968133737 272.0294101747088575 281.6025568065744551 281.6025568065744551 271.6615541441224764 261.7250465660480359 251.7935662402834396 241.8677324489565024 231.9482700948640286 222.0360331117451835 212.1320343559642652 202.2374841615668402 192.3538406167134553 182.4828759089465962 172.6267650163206895 162.7882059609970611 152.9705854077835454 143.1782106327635233 133.4166406412633421 123.6931687685298158 114.0175425099137954
90.553851381374173 90 90.553851381374173 92.1954445729288778 94.8683298050513741 98.4885780179610464 102.956301409870008 108.1665382639196764 114.0175425099137954 120.4159457879229507 127.2792206135785591 134.5362404707371127 142.1267040355189408 150 158.1138830084189806 166.4331697709323805 174.9285568453590258 183.5755975068582018 192.3538406167134553 201.2461179749810753 210.23796041628637 219.3171219946130748 228.4731931759172596 237.6972864800942489 246.9817807045693883 256.3201123595259219 265.706605111728436 275.136329843952069 284.6049894151541366 280.7133769523640012 270.7397274136176861 260.7680962081059306 250.7987240796890376 240.8318915758459013 230.8679276123039017 220.9072203437452231 210.9502310972898727 200.9975124224177989 191.0497317454280051 181.107702762748346 171.1724276862368868 161.2451549659709826 151.3274595042155681 141.4213562373095101 131.5294643796590606 121.6552506059643974 111.8033988749894831
100.4987562112088995 100 100.4987562112088995 101.9803902718556969 104.4030650891054961 107.7032961426900783 111.8033988749894831 116.6190378969060077 122.0655561573370278 128.0624847486569706 134.5362404707371127 141.4213562373095101 148.6606874731850496 156.2049935181330795 164.0121946685672469 172.0465053408525478 180.2775637731994607 188.6796226411320845 197.2308292331601933 205.912602819740016 214.7091055358388871 223.6067977499789663 232.5940669922601387 241.6609194718914466 250.7987240796890376 260 269.2582403567251959 278.5677655436824125 287.9236009777593495 280.1785145224379789 270.1851217221259276 260.1922366251537255 250.1999200639360765 240.2082429892862763 230.2172886644267749 220.2271554554524187 210.23796041628637 200.2498439450078536 190.2629759044044704 180.2775637731994607 170.2938636592640194 160.3121954188139853 150.3329637837290704 140.3566884761820006 130.3840481040529653 120.4159457879229507 110.4536101718726115
110.4536101718726115 110 110.4536101718726115 111.8033988749894831 114.0175425099137954 117.0469991071962568 120.8304597359457233 125.2996408614166768 130.3840481040529653 136.0147050873544288 142.1267040355189408 148.6606874731850496 155.5634918610404611 162.7882059609970611 170.2938636592640194 178.0449381476485655 186.0107523773827438 194.1648783894760015 202.4845673131658828 210.9502310972898727 219.5449840010014952 228.2542442102665348 237.0653918225939663 245.9674775249768572 254.9509756796392423 264.0075756488816978 273.1300056749532814 282.3118842698621052 290 280 270 260 250 240 230 220 210 200 190 180 170 160 150 140 130 120 110
120.4159457879229507 120 120.4159457879229507 121.6552506059643974 123.6931687685298158 126.4911064067351703 130 134.1640786499873741 138.9244398944980503 144.2220510185595685 150 156.2049935181330795 162.7882059609970611 169.7056274847714121 176.9180601295413169 184.3908891458577557 192.0937271229854559 200 208.0865204668481283 216.3330765278393528 224.7220505424423322 233.2380757938120155 241.8677324489565024 250.5992817228333536 259.422435421456953 268.3281572999747482 277.3084924772409749 286.3564212655270467 288.6173937932362605 278.9265136196270873 269.2582403567251959 259.6150997149433692 250 240.2082429892862763 230.2172886644267749 220.2271554554524187 210.23796041628637 200.2498439450078536 190.2629759044044704 180.2775637731994607 170.2938636592640194 160.3121954188139853 150.3329637837290704 140.3566884761820006 130.3840481040529653 120.4159457879229507 110.4536101718726115
130.3840481040529653 130 130.3840481040529653 131.5294643796590606 133.4166406412633421 136.0147050873544288 139.2838827718412062 143.1782106327635233 147.6482306023339959 152.6433752247374684 158.1138830084189806 164.0121946685672469 170.2938636592640194 176.9180601295413169 183.8477631085023631 191.0497317454280051 198.4943324127920903 206.1552812808830311 214.0093455903269728 222.0360331117451835 230.2172886644267749 238.5372088375312671 246.9817807045693883 255.5386467836127622 264.1968962724581047 272.9468812791236019 281.7800560721074135 290.6888370749726391 286.3564212655270467 276.5863337187865909 266.8332812825266842 257.0992026436488231 247.3863375370596316 237.6972864800942489 228.0350850198275907 218.4032966784155576 208.8061301782109922 199.2485884517127488 189.7366596101027483 180.2775637731994607 170.8800749063506146 161.2451549659709826 151.3274595042155681 141.4213562373095101 131.5294643796590606 121.6552506059643974 111.8033988749894831
140.3566884761820006 140 140.3566884761820006 141.4213562373095101 143.1782106327635233 145.6021977856103717 148.6606874731850496 152.3154621172781731 156.524758424985265 161.2451549659709826 166.4331697709323805 172.0465053408525478 178.0449381476485655 184.3908891458577557 191.0497317454280051 197.9898987322333141 205.1828452868319062 212.6029162546929854 220.2271554554524187 228.0350850198275907 236.0084744241189298 244.1311123146740556 252.388589282479245 260.7680962081059306 269.2582403567251959 277.8488797889961006 286.5309756378880479 294.2787793912432335 284.4292530665578624 274.5906043549196056 264.7640458974745457 254.9509756796392423 245.1530134426252516 235.3720459187964025 225.6102834535695649 215.8703314492290417 206.1552812808830311 196.4688270438849997 186.8154169226940553 177.2004514666934938 167.6305461424020962 158.1138830084189806 148.6606874731850496 139.2838827718412062 130 120.8304597359457233 111.8033988749894831
150.3329637837290704 150 150.3329637837290704 151.3274595042155681 152.9705854077835454 155.2417469626002458 158.1138830084189806 161.5549442140351175 165.5294535724684977 170 174.9285568453590258 180.2775637731994607 186.0107523773827438 192.0937271229854559 198.4943324127920903 205.1828452868319062 212.1320343559642652 219.3171219946130748 226.7156809750926811 234.3074902771996335 242.0743687382041003 250 258.0697580112787932 266.2705391138869686 274.5906043549196056 283.0194339616980983 291.5475947422650052 292.7456233660889211 282.8427124746190202 272.9468812791236019 263.0589287593181211 253.179778023443248 243.3105012119287949 233.4523505985750376 223.6067977499789663 213.7755832643194935 203.9607805437113939 194.1648783894760015 184.3908891458577557 174.6424919657298176 164.9242250247064305 155.2417469626002458 145.6021977856103717 136.0147050873544288 126.4911064067351703 117.0469991071962568 107.7032961426900783
160.3121954188139853 160 160.3121954188139853 161.2451549659709826 162.7882059609970611 164.9242250247064305 167.6305461424020962 170.8800749063506146 174.6424919657298176 178.8854381999831844 183.5755975068582018 188.6796226411320845 194.1648783894760015 200 206.1552812808830311 212.6029162546929854 219.3171219946130748 226.2741699796952162 233.4523505985750376 240.8318915758459013 248.3948469674844262 256.1249694973139412 264.0075756488816978 272.0294101747088575 280.1785145224379789 288.4441020371191371 296.8164415931166218 291.5475947422650052 281.6025568065744551 271.6615541441224764 261.7250465660480359 251.7935662402834396 241.8677324489565024 231.9482700948640286 222.0360331117451835 212.1320343559642652 202.2374841615668402 192.3538406167134553 182.4828759089465962 172.6267650163206895 162.7882059609970611 152.9705854077835454 143.1782106327635233 133.4166406412633421 123.6931687685298158 114.0175425099137954 104.4030650891054961
170.2938636592640194 170 170.2938636592640194 171.1724276862368868 172.6267650163206895 174.6424919657298176 177.2004514666934938 180.2775637731994607 183.8477631085023631 187.8829422805593481 192.3538406167134553 197.2308292331601933 202.4845673131658828 208.0865204668481283 214.0093455903269728 220.2271554554524187 226.7156809750926811 233.4523505985750376 240.4163056034261672 247.5883680627989349 254.9509756796392423 262.488094968133737 270.1851217221259276 278.0287754891568852 286.0069929215018192 294.1088233970548345 300.6659275674581409 290.6888370749726391 280.7133769523640012 270.7397274136176861 260.7680962081059306 250.7987240796890376 240.8318915758459013 230.8679276123039017 220.9072203437452231 210.9502310972898727 200.9975124224177989 191.0497317454280051 181.107702762748346 171.1724276862368868 161.2451549659709826 151.3274595042155681 141.4213562373095101 131.5294643796590606 121.6552506059643974 111.8033988749894831 101.9803902718556969
180.2775637731994607 180 180.2775637731994607 181.107702762748346 182.4828759089465962 184.3908891458577557 186.8154169226940553 189.7366596101027483 193.1320791582796517 196.9771560359220928 201.2461179749810753 205.912602819740016 210.9502310972898727 216.3330765278393528 222.0360331117451835 228.0350850198275907 234.3074902771996335 240.8318915758459013 247.5883680627989349 254.5584412271571182 261.7250465660480359 269.0724809414742253 276.5863337187865909 284.2534080710378817 292.0616373302046895 300 300.1666203960726875 290.1723625709381622 280.1785145224379789 270.1851217221259276 260.1922366251537255 250.1999200639360765 240.2082429892862763 230.2172886644267749 220.2271554554524187 210.23796041628637 200.2498439450078536 190.2629759044044704 180.2775637731994607 170.2938636592640194 160.3121954188139853 150.3329637837290704 140.3566884761820006 130.3840481040529653 120.4159457879229507 110.4536101718726115 100.4987562112088995
190.2629759044044704 190 190.2629759044044704 191.0497317454280051 192.3538406167134553 194.1648783894760015 196.4688270438849997 199.2485884517127488 202.4845673131658828 206.1552812808830311 210.23796041628637 214.7091055358388871 219.5449840010014952 224.7220505424423322 230.2172886644267749 236.0084744241189298 242.0743687382041003 248.3948469674844262 254.9509756796392423 261.7250465660480359 268.7005768508880692 275.862284482674454 283.1960451701258989 290.6888370749726391 298.3286778035259772 306.104557300279339 300 290 280 270 260 250 240 230 220 210 200 190 180 170 160 150 140 130 120 110 100
200.2498439450078536 200 200.2498439450078536 200.9975124224177989 202.2374841615668402 203.9607805437113939 206.1552812808830311 208.8061301782109922 211.896201004170905 215.4065922853801567 219.3171219946130748 223.6067977499789663 228.2542442102665348 233.2380757938120155 238.5372088375312671 244.1311123146740556 250 256.1249694973139412 262.488094968133737 269.0724809414742253 275.862284482674454 282.8427124746190202 290 297.3213749463700992 304.7950130825634005 310.1612483854164566 300.1666203960726875 290.1723625709381622 280.1785145224379789 270.1851217221259276 260.1922366251537255 250.1999200639360765 240.2082429892862763 230.2172886644267749 220.2271554554524187 210.23796041628637 200.2498439450078536 190.2629759044044704 180.2775637731994607 170.2938636592640194 160.3121954188139853 150.3329637837290704 140.3566884761820006 130.3840481040529653 120.4159457879229507 110.4536101718726115 100.4987562112088995
210.23796041628637 210 210.23796041628637 210.9502310972898727 212.1320343559642652 213.7755832643194935 215.8703314492290417 218.4032966784155576 221.3594362117865444 224.7220505424423322 228.4731931759172596 232.5940669922601387 237.0653918225939663 241.8677324489565024 246.9817807045693883 252.388589282479245 258.0697580112787932 264.0075756488816978 270.1851217221259276 276.5863337187865909 283.1960451701258989 290 296.9848480983499712 304.1381265149109936 311.4482300479487549 310.6444913401813324 300.6659275674581409 290.6888370749726391 280.7133769523640012 270.7397274136176861 260.7680962081059306 250.7987240796890376 240.8318915758459013 230.8679276123039017 220.9072203437452231 210.9502310972898727 200.9975124224177989 191.0497317454280051 181.107702762748346 171.1724276862368868 161.2451549659709826 151.3274595042155681 141.4213562373095101 131.5294643796590606 121.6552506059643974 111.8033988749894831 101.9803902718556969
220.2271554554524187 220 220.2271554554524187 220.9072203437452231 222.0360331117451835 223.6067977499789663 225.6102834535695649 228.0350850198275907 230.8679276123039017 234.0939982143925135 237.6972864800942489 241.6609194718914466 245.9674775249768572 250.5992817228333536 255.5386467836127622 260.7680962081059306 266.2705391138869686 272.0294101747088575 278.0287754891568852 284.2534080710378817 290.6888370749726391 297.3213749463700992 304.1381265149109936 311.1269837220809222 318.2766092567909482 311.4482300479487549 301.4962686336266984 291.5475947422650052 281.6025568065744551 271.6615541441224764 261.7250465660480359 251.7935662402834396 241.8677324489565024 231.9482700948640286 222.0360331117451835 212.1320343559642652 202.2374841615668402 192.3538406167134553 182.4828759089465962 172.6267650163206895 162.7882059609970611 152.9705854077835454 143.1782106327635233 133.4166406412633421 123.6931687685298158 114.0175425099137954 104.4030650891054961
230.2172886644267749 230 230.2172886644267749 230.8679276123039017 231.9482700948640286 233.4523505985750376 235.3720459187964025 237.6972864800942489 240.4163056034261672 243.5159132377184221 246.9817807045693883 250.7987240796890376 254.9509756796392423 259.422435421456953 264.1968962724581047 269.2582403567251959 274.5906043549196056 280.1785145224379789 286.0069929215018192 292.0616373302046895 298.3286778035259772 304.7950130825634005 311.4482300479487549 318.2766092567909482 322.4903099319419653 312.5699921617556925 302.6549190084311363 292.7456233660889211 282.8427124746190202 272.9468812791236019 263.0589287593181211 253.179778023443248 243.3105012119287949 233.4523505985750376 223.6067977499789663 213.7755832643194935 203.9607805437113939 194.1648783894760015 184.3908891458577557 174.6424919657298176 164.9242250247064305 155.2417469626002458 145.6021977856103717 136.0147050873544288 126.4911064067351703 117.0469991071962568 107.7032961426900783
240.2082429892862763 240 240.2082429892862763 240.8318915758459013 241.8677324489565024 243.3105012119287949 245.1530134426252516 247.3863375370596316 250 252.9822128134703405 256.3201123595259219 260 264.0075756488816978 268.3281572999747482 272.9468812791236019 277.8488797889961006 283.0194339616980983 288.4441020371191371 294.1088233970548345 300 306.104557300279339 312.4099870362661591 318.9043743820394639 325.5764119219941222 323.8826948140329591 314.006369362151645 304.1381265149109936 294.2787793912432335 284.4292530665578624 274.5906043549196056 264.7640458974745457 254.9509756796392423 245.1530134426252516 235.3720459187964025 225.6102834535695649 215.8703314492290417 206.1552812808830311 196.4688270438849997 186.8154169226940553 177.2004514666934938 167.6305461424020962 158.1138830084189806 148.6606874731850496 139.2838827718412062 130 120.8304597359457233 111.8033988749894831
