landscapes/exported_ascii_MS_HABMAT_SS_5HA_DIST/simulation_000013_p020_h042_HABMAT_ss_2_to_500pix_edge_dist_modified.asc
ncols         512
nrows         512
xllcorner     0
yllcorner     0
cellsize      10
NODATA_value  -99
[rows 126 to 146 of 512, columns 384 to 431 of 512]
70 60 50 40 30 20 10 -10 -10 10 14.142135623730951 20 20 22.3606797749978981 28.284271247461902 36.0555127546398921 42.426406871192853 50 58.3095189484530039 67.082039324993687 72.8010988928051859 63.2455532033675851 53.8516480713450392 44.7213595499957961 36.0555127546398921 28.284271247461902 22.3606797749978981 20 20 22.3606797749978981 28.284271247461902 36.0555127546398921 44.7213595499957961 53.8516480713450392 63.2455532033675851 72.8010988928051859 82.4621125123532153 92.1954445729288778 101.9803902718556969 108.1665382639196764 114.0175425099137954 120.4159457879229507 127.2792206135785591 134.5362404707371127 142.1267040355189408 150 158.1138830084189806 166.4331697709323805
70.7106781186547551 60.8276253029821987 50.9901951359278485 41.2310562561766076 31.6227766016837926 22.3606797749978981 14.142135623730951 10 -10 -10 10 10 10 14.142135623730951 22.3606797749978981 28.284271247461902 36.0555127546398921 44.7213595499957961 53.8516480713450392 63.2455532033675851 72.8010988928051859 67.082039324993687 58.3095189484530039 50 42.426406871192853 36.0555127546398921 31.6227766016837926 30 30 31.6227766016837926 36.0555127546398921 42.426406871192853 50 58.3095189484530039 67.082039324993687 76.1577310586390865 85.4400374531753073 94.8683298050513741 104.4030650891054961 111.8033988749894831 116.6190378969060077 122.0655561573370278 128.0624847486569706 134.5362404707371127 141.4213562373095101 148.6606874731850496 156.2049935181330795 164.0121946685672469
72.8010988928051859 63.2455532033675851 53.8516480713450392 44.7213595499957961 36.0555127546398921 28.284271247461902 20 10 -10 10 10 -10 -10 10 14.142135623730951 22.3606797749978981 31.6227766016837926 41.2310562561766076 50.9901951359278485 60.8276253029821987 70.7106781186547551 67.082039324993687 63.2455532033675851 56.568542494923804 50 44.7213595499957961 41.2310562561766076 40 40 41.2310562561766076 44.7213595499957961 50 56.568542494923804 64.0312423743284853 72.1110255092797843 80.6225774829854913 86.0232526704262739 92.1954445729288778 98.4885780179610464 102.956301409870008 108.1665382639196764 114.0175425099137954 120.4159457879229507 127.2792206135785591 134.5362404707371127 142.1267040355189408 150 158.1138830084189806
76.1577310586390865 67.082039324993687 58.3095189484530039 50 41.2310562561766076 31.6227766016837926 22.3606797749978981 14.142135623730951 10 14.142135623730951 10 10 -10 -10 10 20 30 40 50 60 64.0312423743284853 58.3095189484530039 53.8516480713450392 50.9901951359278485 50 50.9901951359278485 50.9901951359278485 50 50 50.9901951359278485 53.8516480713450392 58.3095189484530039 60.8276253029821987 63.2455532033675851 67.082039324993687 72.1110255092797843 78.1024967590665398 84.8528137423857061 89.4427190999915922 94.3398113205660422 100 106.3014581273464927 113.1370849898476081 120.4159457879229507 128.0624847486569706 136.0147050873544288 144.2220510185595685 152.6433752247374684
80.6225774829854913 72.1110255092797843 63.2455532033675851 53.8516480713450392 44.7213595499957961 36.0555127546398921 28.284271247461902 22.3606797749978981 20 10 -10 -10 10 10 14.142135623730951 22.3606797749978981 31.6227766016837926 41.2310562561766076 50.9901951359278485 60.8276253029821987 56.568542494923804 50 44.7213595499957961 41.2310562561766076 40 41.2310562561766076 44.7213595499957961 50 50 50.9901951359278485 50.9901951359278485 50 50.9901951359278485 53.8516480713450392 58.3095189484530039 64.0312423743284853 70.7106781186547551 76.1577310586390865 80.6225774829854913 86.0232526704262739 92.1954445729288778 98.9949493661166571 106.3014581273464927 114.0175425099137954 122.0655561573370278 130.3840481040529653 138.9244398944980503 147.6482306023339959
85.4400374531753073 76.1577310586390865 67.082039324993687 58.3095189484530039 50 42.426406871192853 36.0555127546398921 31.6227766016837926 22.3606797749978981 14.142135623730951 10 10 14.142135623730951 20 22.3606797749978981 28.284271247461902 36.0555127546398921 44.7213595499957961 53.8516480713450392 56.568542494923804 50 42.426406871192853 36.0555127546398921 31.6227766016837926 30 31.6227766016837926 36.0555127546398921 41.2310562561766076 40 41.2310562561766076 41.2310562561766076 40 41.2310562561766076 44.7213595499957961 50 56.568542494923804 63.2455532033675851 67.082039324993687 72.1110255092797843 78.1024967590665398 84.8528137423857061 92.1954445729288778 100 108.1665382639196764 116.6190378969060077 125.2996408614166768 134.1640786499873741 143.1782106327635233
89.4427190999915922 80.6225774829854913 72.1110255092797843 64.0312423743284853 56.568542494923804 50 44.7213595499957961 36.0555127546398921 28.284271247461902 22.3606797749978981 20 20 22.3606797749978981 28.284271247461902 31.6227766016837926 36.0555127546398921 42.426406871192853 50 58.3095189484530039 50 42.426406871192853 36.0555127546398921 28.284271247461902 22.3606797749978981 20 22.3606797749978981 28.284271247461902 31.6227766016837926 30 31.6227766016837926 31.6227766016837926 30 31.6227766016837926 36.0555127546398921 42.426406871192853 50 53.8516480713450392 58.3095189484530039 64.0312423743284853 70.7106781186547551 78.1024967590665398 86.0232526704262739 94.3398113205660422 102.956301409870008 111.8033988749894831 120.8304597359457233 130 138.9244398944980503
94.3398113205660422 86.0232526704262739 78.1024967590665398 70.7106781186547551 64.0312423743284853 58.3095189484530039 50 42.426406871192853 36.0555127546398921 31.6227766016837926 30 30 31.6227766016837926 36.0555127546398921 41.2310562561766076 44.7213595499957961 50 56.568542494923804 53.8516480713450392 44.7213595499957961 36.0555127546398921 28.284271247461902 22.3606797749978981 14.142135623730951 10 14.142135623730951 22.3606797749978981 22.3606797749978981 20 22.3606797749978981 22.3606797749978981 20 22.3606797749978981 28.284271247461902 36.0555127546398921 41.2310562561766076 44.7213595499957961 50 56.568542494923804 64.0312423743284853 72.1110255092797843 80.6225774829854913 89.4427190999915922 98.4885780179610464 107.7032961426900783 116.6190378969060077 125.2996408614166768 134.1640786499873741
100 92.1954445729288778 84.8528137423857061 78.1024967590665398 72.1110255092797843 64.0312423743284853 56.568542494923804 50 44.7213595499957961 41.2310562561766076 40 40 41.2310562561766076 44.7213595499957961 50 53.8516480713450392 58.3095189484530039 60.8276253029821987 50.9901951359278485 41.2310562561766076 31.6227766016837926 22.3606797749978981 14.142135623730951 10 -10 10 14.142135623730951 14.142135623730951 10 14.142135623730951 14.142135623730951 10 14.142135623730951 22.3606797749978981 30 31.6227766016837926 36.0555127546398921 42.426406871192853 50 58.3095189484530039 67.082039324993687 76.1577310586390865 85.4400374531753073 94.3398113205660422 102.956301409870008 111.8033988749894831 120.8304597359457233 130
101.9803902718556969 98.9949493661166571 92.1954445729288778 86.0232526704262739 78.1024967590665398 70.7106781186547551 64.0312423743284853 58.3095189484530039 53.8516480713450392 50.9901951359278485 50 50 50.9901951359278485 53.8516480713450392 58.3095189484530039 63.2455532033675851 67.082039324993687 60 50 40 30 20 10 -10 -14.142135623730951 -10 10 10 -10 10 10 -10 10 20 20 22.3606797749978981 28.284271247461902 36.0555127546398921 44.7213595499957961 53.8516480713450392 63.2455532033675851 72.1110255092797843 80.6225774829854913 89.4427190999915922 98.4885780179610464 107.7032961426900783 117.0469991071962568 126.4911064067351703
100.4987562112088995 106.3014581273464927 100 92.1954445729288778 84.8528137423857061 78.1024967590665398 72.1110255092797843 67.082039324993687 63.2455532033675851 60.8276253029821987 60 60 60.8276253029821987 63.2455532033675851 67.082039324993687 72.1110255092797843 70.7106781186547551 60.8276253029821987 50.9901951359278485 41.2310562561766076 31.6227766016837926 22.3606797749978981 14.142135623730951 10 -10 10 14.142135623730951 14.142135623730951 10 -10 10 -10 10 14.142135623730951 10 14.142135623730951 22.3606797749978981 31.6227766016837926 41.2310562561766076 50 58.3095189484530039 67.082039324993687 76.1577310586390865 85.4400374531753073 94.8683298050513741 104.4030650891054961 114.0175425099137954 123.6931687685298158
100 98.9949493661166571 92.1954445729288778 86.0232526704262739 80.6225774829854913 76.1577310586390865 72.8010988928051859 70.7106781186547551 70 70.7106781186547551 70 70 70.7106781186547551 72.8010988928051859 76.1577310586390865 80.6225774829854913 72.8010988928051859 63.2455532033675851 53.8516480713450392 44.7213595499957961 36.0555127546398921 28.284271247461902 20 10 -10 -10 10 14.142135623730951 10 -10 -10 10 14.142135623730951 10 -10 10 20 28.284271247461902 36.0555127546398921 44.7213595499957961 53.8516480713450392 63.2455532033675851 72.8010988928051859 82.4621125123532153 92.1954445729288778 101.9803902718556969 111.8033988749894831 121.6552506059643974
98.4885780179610464 92.1954445729288778 84.8528137423857061 78.1024967590665398 72.1110255092797843 67.082039324993687 63.2455532033675851 60.8276253029821987 60 60.8276253029821987 63.2455532033675851 67.082039324993687 72.1110255092797843 78.1024967590665398 76.1577310586390865 72.8010988928051859 70.7106781186547551 67.082039324993687 58.3095189484530039 50 40 30 20 10 -10 10 10 10 -10 -10 10 14.142135623730951 20 10 -10 10 14.142135623730951 22.3606797749978981 31.6227766016837926 41.2310562561766076 50.9901951359278485 60.8276253029821987 70.7106781186547551 80.6225774829854913 90.553851381374173 100.4987562112088995 110.4536101718726115 120.4159457879229507
89.4427190999915922 86.0232526704262739 78.1024967590665398 70.7106781186547551 64.0312423743284853 58.3095189484530039 53.8516480713450392 50.9901951359278485 50 50.9901951359278485 53.8516480713450392 58.3095189484530039 64.0312423743284853 70.7106781186547551 67.082039324993687 63.2455532033675851 60.8276253029821987 60 60 50 40 30 20 10 -10 10 -10 -10 10 10 14.142135623730951 22.3606797749978981 22.3606797749978981 14.142135623730951 10 -10 10 20 30 40 50 60 70 80 90 100 110 120
80.6225774829854913 80.6225774829854913 72.1110255092797843 64.0312423743284853 56.568542494923804 50 44.7213595499957961 41.2310562561766076 40 41.2310562561766076 44.7213595499957961 50 56.568542494923804 64.0312423743284853 58.3095189484530039 53.8516480713450392 50.9901951359278485 50 50.9901951359278485 50.9901951359278485 41.2310562561766076 31.6227766016837926 22.3606797749978981 14.142135623730951 10 14.142135623730951 10 10 14.142135623730951 20 22.3606797749978981 28.284271247461902 28.284271247461902 22.3606797749978981 14.142135623730951 10 14.142135623730951 22.3606797749978981 31.6227766016837926 41.2310562561766076 50.9901951359278485 60.8276253029821987 70.7106781186547551 80.6225774829854913 90.553851381374173 100.4987562112088995 110.4536101718726115 120.4159457879229507
72.1110255092797843 76.1577310586390865 67.082039324993687 58.3095189484530039 50 42.426406871192853 36.0555127546398921 31.6227766016837926 30 31.6227766016837926 36.0555127546398921 42.426406871192853 50 56.568542494923804 50 44.7213595499957961 41.2310562561766076 40 41.2310562561766076 44.7213595499957961 44.7213595499957961 36.0555127546398921 28.284271247461902 22.3606797749978981 20 22.3606797749978981 20 20 22.3606797749978981 28.284271247461902 31.6227766016837926 36.0555127546398921 36.0555127546398921 28.284271247461902 22.3606797749978981 20 22.3606797749978981 28.284271247461902 36.0555127546398921 44.7213595499957961 53.8516480713450392 63.2455532033675851 72.8010988928051859 82.4621125123532153 92.1954445729288778 101.9803902718556969 111.8033988749894831 121.6552506059643974
64.0312423743284853 70.7106781186547551 63.2455532033675851 53.8516480713450392 44.7213595499957961 36.0555127546398921 28.284271247461902 22.3606797749978981 20 22.3606797749978981 28.284271247461902 36.0555127546398921 42.426406871192853 50 42.426406871192853 36.0555127546398921 31.6227766016837926 30 31.6227766016837926 36.0555127546398921 42.426406871192853 42.426406871192853 36.0555127546398921 31.6227766016837926 30 31.6227766016837926 30 30 31.6227766016837926 36.0555127546398921 41.2310562561766076 44.7213595499957961 42.426406871192853 36.0555127546398921 31.6227766016837926 30 31.6227766016837926 36.0555127546398921 42.426406871192853 50 58.3095189484530039 67.082039324993687 76.1577310586390865 85.4400374531753073 94.8683298050513741 104.4030650891054961 114.0175425099137954 123.6931687685298158
56.568542494923804 64.0312423743284853 60.8276253029821987 50.9901951359278485 41.2310562561766076 31.6227766016837926 22.3606797749978981 14.142135623730951 10 14.142135623730951 22.3606797749978981 28.284271247461902 36.0555127546398921 42.426406871192853 36.0555127546398921 28.284271247461902 22.3606797749978981 20 22.3606797749978981 28.284271247461902 36.0555127546398921 44.7213595499957961 44.7213595499957961 41.2310562561766076 40 41.2310562561766076 40 40 41.2310562561766076 44.7213595499957961 50 53.8516480713450392 50 44.7213595499957961 41.2310562561766076 40 41.2310562561766076 44.7213595499957961 50 56.568542494923804 64.0312423743284853 72.1110255092797843 80.6225774829854913 89.4427190999915922 98.4885780179610464 107.7032961426900783 117.0469991071962568 126.4911064067351703
50 58.3095189484530039 60 50 40 30 20 10 -10 10 14.142135623730951 22.3606797749978981 28.284271247461902 36.0555127546398921 28.284271247461902 22.3606797749978981 14.142135623730951 10 14.142135623730951 22.3606797749978981 31.6227766016837926 41.2310562561766076 40 41.2310562561766076 44.7213595499957961 50 50 50 50.9901951359278485 53.8516480713450392 58.3095189484530039 63.2455532033675851 58.3095189484530039 53.8516480713450392 50.9901951359278485 50 50.9901951359278485 53.8516480713450392 58.3095189484530039 64.0312423743284853 70.7106781186547551 78.1024967590665398 86.0232526704262739 94.3398113205660422 102.956301409870008 111.8033988749894831 120.8304597359457233 130
44.7213595499957961 53.8516480713450392 60 50 40 30 20 10 -10 -10 10 14.142135623730951 22.3606797749978981 31.6227766016837926 22.3606797749978981 14.142135623730951 10 -10 10 20 30 31.6227766016837926 30 31.6227766016837926 36.0555127546398921 42.426406871192853 50 56.568542494923804 60.8276253029821987 63.2455532033675851 67.082039324993687 72.1110255092797843 67.082039324993687 63.2455532033675851 60.8276253029821987 60 60.8276253029821987 63.2455532033675851 67.082039324993687 72.1110255092797843 78.1024967590665398 84.8528137423857061 92.1954445729288778 100 108.1665382639196764 116.6190378969060077 125.2996408614166768 134.1640786499873741
41.2310562561766076 50.9901951359278485 60.8276253029821987 50.9901951359278485 41.2310562561766076 31.6227766016837926 22.3606797749978981 14.142135623730951 10 10 -10 10 20 30 20 10 -10 10 14.142135623730951 22.3606797749978981 28.284271247461902 22.3606797749978981 20 22.3606797749978981 28.284271247461902 36.0555127546398921 42.426406871192853 50 58.3095189484530039 67.082039324993687 76.1577310586390865 80.6225774829854913 76.1577310586390865 72.8010988928051859 70.7106781186547551 70 70.7106781186547551 72.8010988928051859 76.1577310586390865 80.6225774829854913 86.0232526704262739 92.1954445729288778 98.9949493661166571 106.3014581273464927 114.0175425099137954 122.0655561573370278 130.3840481040529653 138.9244398944980503
