landscapes/exported_ascii_MS_HABMAT_SS_5HA_DIST/simulation_000007_p030_h015_HABMAT_ss_2_to_500pix_edge_dist_modified.asc
ncols         512
nrows         512
xllcorner     0
yllcorner     0
cellsize      10
NODATA_value  -99
[rows 80 to 99 of 512, columns 360 to 404 of 512]
294.2787793912432335 304.1381265149109936 314.006369362151645 323.8826948140329591 333.7663853655727166 343.6568055487916808 353.5533905932737753 363.4556369077249656 373.3630940518893908 382.7531841800927737 392.1734310225515401 394.0812099047606125 388.3297567789520031 382.7531841800927737 377.359245282264169 372.1558813185678787 367.1511950137164035 362.353418639868778 357.7708763999663688 353.4119409414458346 349.2849839314596352 345.3983207834108953 341.7601498127012292 338.378486313772612 335.2610922848041923 332.4154027718932412 329.8484500494128611 327.5667870831840105 325.5764119219941222 318.9043743820394639 312.4099870362661591 306.104557300279339 300 294.1088233970548345 288.4441020371191371 283.0194339616980983 277.8488797889961006 272.9468812791236019 268.3281572999747482 264.0075756488816978 260 256.3201123595259219 252.9822128134703405 250 247.3863375370596316
292.7456233660889211 302.6549190084311363 312.5699921617556925 322.4903099319419653 332.4154027718932412 341.7601498127012292 351.1409973215887703 360.5551275463989214 370 379.4733192202054965 388.9730067755344862 386.0051813123756688 380.1315561749642598 374.4329045369810842 368.9173349139343259 363.5931792539568619 358.4689665786984278 353.5533905932737753 348.8552708502481323 344.3835071544513085 340.1470270338989508 336.1547262794322251 332.4154027718932412 328.9376840679705651 325.7299494980466079 322.8002478313794654 320.1562118716424266 317.8049716414140562 315.7530680769388596 314.006369362151645 312.5699921617556925 311.4482300479487549 308.0584360149872509 302.3243291566194557 296.8164415931166218 291.5475947422650052 286.5309756378880479 281.7800560721074135 277.3084924772409749 273.1300056749532814 269.2582403567251959 265.706605111728436 262.488094968133737 259.6150997149433692 257.0992026436488231
291.5475947422650052 300.8321791298264429 310.1612483854164566 319.5309061734091642 328.9376840679705651 338.378486313772612 347.8505426185217289 357.3513677041127607 366.8787265568828388 376.4306044943742222 384.1874542459709119 378.0211634287159654 372.0215047547654876 366.1966684720110834 360.5551275463989214 355.1056180912940476 349.8571136907180517 344.8187929913333392 340 335.4101966249684779 331.0589071449369953 326.9556544854362983 323.109888428070235 319.5309061734091642 316.2277660168379612 313.2091952673164883 310.4834939252004915 308.0584360149872509 305.9411708155670908 304.1381265149109936 302.6549190084311363 301.4962686336266984 300.6659275674581409 300.1666203960726875 300 300.1666203960726875 295.2964612046679918 290.6888370749726391 286.3564212655270467 282.3118842698621052 278.5677655436824125 275.136329843952069 272.0294101747088575 269.2582403567251959 266.8332812825266842
287.9236009777593495 297.3213749463700992 306.7572330035593495 316.2277660168379612 325.7299494980466079 335.2610922848041923 344.8187929913333392 354.4009029333869876 364.0054944640259009 373.6308338453881106 376.4306044943742222 370.1351104664349236 364.0054944640259009 358.0502757993631349 352.2782990761707538 346.6987164671943447 341.3209633175202384 336.1547262794322251 331.2099032335838729 326.4965543462901678 322.0248437620923596 317.8049716414140562 313.8470965295043129 310.1612483854164566 306.7572330035593495 303.6445290137795041 300.8321791298264429 298.3286778035259772 296.1418578992169159 294.2787793912432335 292.7456233660889211 291.5475947422650052 290.6888370749726391 290.1723625709381622 290 290.1723625709381622 290 290.1723625709381622 290.6888370749726391 291.5475947422650052 287.9236009777593495 284.6049894151541366 281.6025568065744551 278.9265136196270873 276.5863337187865909
284.6049894151541366 294.1088233970548345 303.6445290137795041 313.2091952673164883 322.8002478313794654 332.4154027718932412 342.0526275297414145 351.7101079013795015 361.3862199918530109 371.0795063055894616 368.7817782917155114 362.353418639868778 356.089876295297131 350 344.0930106817050955 338.378486313772612 332.866339541864761 327.5667870831840105 322.4903099319419653 317.6476034853718033 313.0495168499705301 308.7069808086626495 304.6309242345563462 300.8321791298264429 297.3213749463700992 294.1088233970548345 291.2043955712207435 288.6173937932362605 286.3564212655270467 284.4292530665578624 282.8427124746190202 281.6025568065744551 280.7133769523640012 280.1785145224379789 280 280.1785145224379789 280 280.1785145224379789 280.7133769523640012 281.6025568065744551 282.8427124746190202 284.4292530665578624 286.3564212655270467 288.6173937932362605 286.3564212655270467
281.6025568065744551 291.2043955712207435 300.8321791298264429 310.4834939252004915 320.1562118716424266 329.8484500494128611 339.5585369269928719 349.2849839314596352 359.0264614203248357 367.9673898594819548 361.2478373637688378 354.6829570193639825 348.2814953453599855 342.0526275297414145 336.0059523282288296 330.1514803843835466 324.4996147917590292 319.0611226708763297 313.8470965295043129 308.8689042296099956 304.1381265149109936 299.6664812754339664 295.4657340538831249 291.5475947422650052 287.9236009777593495 284.6049894151541366 281.6025568065744551 278.9265136196270873 276.5863337187865909 274.5906043549196056 272.9468812791236019 271.6615541441224764 270.7397274136176861 270.1851217221259276 270 270.1851217221259276 270 270.1851217221259276 270.7397274136176861 271.6615541441224764 272.9468812791236019 274.5906043549196056 276.5863337187865909 278.9265136196270873 281.6025568065744551
278.9265136196270873 288.6173937932362605 298.3286778035259772 308.0584360149872509 317.8049716414140562 327.5667870831840105 337.3425558686599857 347.1310991541956241 356.9313659514949109 360.6937759374286543 353.8361202590826338 347.1310991541956241 340.5877273185280387 334.2154993413680586 328.0243893371344939 322.0248437620923596 316.2277660168379612 310.6444913401813324 305.2867504494749369 300.1666203960726875 295.2964612046679918 290.6888370749726391 286.3564212655270467 282.3118842698621052 278.5677655436824125 275.136329843952069 272.0294101747088575 269.2582403567251959 266.8332812825266842 264.7640458974745457 263.0589287593181211 261.7250465660480359 260.7680962081059306 260.1922366251537255 260 260.1922366251537255 260 260.1922366251537255 260.7680962081059306 261.7250465660480359 263.0589287593181211 264.7640458974745457 266.8332812825266842 269.2582403567251959 272.0294101747088575
276.5863337187865909 286.3564212655270467 296.1418578992169159 305.9411708155670908 315.7530680769388596 325.5764119219941222 335.4101966249684779 345.253530032641379 355.1056180912940476 353.5533905932737753 346.554469023269121 339.7057550292605583 333.0165161069342616 326.4965543462901678 320.1562118716424266 314.006369362151645 308.0584360149872509 302.3243291566194557 296.8164415931166218 291.5475947422650052 286.5309756378880479 281.7800560721074135 277.3084924772409749 273.1300056749532814 269.2582403567251959 265.706605111728436 262.488094968133737 259.6150997149433692 257.0992026436488231 254.9509756796392423 253.179778023443248 251.7935662402834396 250.7987240796890376 250.1999200639360765 250 250.1999200639360765 250 250.1999200639360765 250.7987240796890376 251.7935662402834396 253.179778023443248 254.9509756796392423 257.0992026436488231 259.6150997149433692 262.488094968133737
274.5906043549196056 284.4292530665578624 294.2787793912432335 304.1381265149109936 314.006369362151645 323.8826948140329591 333.7663853655727166 343.6568055487916808 353.5533905932737753 346.554469023269121 339.4112549695428243 332.4154027718932412 325.5764119219941222 318.9043743820394639 312.4099870362661591 306.104557300279339 300 294.1088233970548345 288.4441020371191371 283.0194339616980983 277.8488797889961006 272.9468812791236019 268.3281572999747482 264.0075756488816978 260 256.3201123595259219 252.9822128134703405 250 247.3863375370596316 245.1530134426252516 243.3105012119287949 241.8677324489565024 240.8318915758459013 240.2082429892862763 240 240.2082429892862763 240 240.2082429892862763 240.8318915758459013 241.8677324489565024 243.3105012119287949 245.1530134426252516 247.3863375370596316 250 252.9822128134703405
272.9468812791236019 282.8427124746190202 292.7456233660889211 302.6549190084311363 312.5699921617556925 322.4903099319419653 332.4154027718932412 342.3448553724737735 347.1310991541956241 339.7057550292605583 332.4154027718932412 325.2691193458118732 318.2766092567909482 311.4482300479487549 304.7950130825634005 298.3286778035259772 292.0616373302046895 286.0069929215018192 280.1785145224379789 274.5906043549196056 269.2582403567251959 264.1968962724581047 259.422435421456953 254.9509756796392423 250.7987240796890376 246.9817807045693883 243.5159132377184221 240.4163056034261672 237.6972864800942489 235.3720459187964025 233.4523505985750376 231.9482700948640286 230.8679276123039017 230.2172886644267749 230 230.2172886644267749 230 230.2172886644267749 230.8679276123039017 231.9482700948640286 233.4523505985750376 235.3720459187964025 237.6972864800942489 240.4163056034261672 243.5159132377184221
271.6615541441224764 281.6025568065744551 291.5475947422650052 301.4962686336266984 311.4482300479487549 321.4031735997639316 331.3608305156178062 341.3209633175202384 340.5877273185280387 333.0165161069342616 325.5764119219941222 318.2766092567909482 311.1269837220809222 304.1381265149109936 297.3213749463700992 290.6888370749726391 284.2534080710378817 278.0287754891568852 272.0294101747088575 266.2705391138869686 260.7680962081059306 255.5386467836127622 250.5992817228333536 245.9674775249768572 241.6609194718914466 237.6972864800942489 234.0939982143925135 230.8679276123039017 228.0350850198275907 225.6102834535695649 223.6067977499789663 222.0360331117451835 220.9072203437452231 220.2271554554524187 220 220.2271554554524187 220 220.2271554554524187 220.9072203437452231 222.0360331117451835 223.6067977499789663 225.6102834535695649 228.0350850198275907 230.8679276123039017 234.0939982143925135
270.7397274136176861 280.7133769523640012 290.6888370749726391 300.6659275674581409 310.6444913401813324 320.6243908376279705 330.6055050963307735 340.5877273185280387 334.2154993413680586 326.4965543462901678 318.9043743820394639 311.4482300479487549 304.1381265149109936 296.9848480983499712 290 283.1960451701258989 276.5863337187865909 270.1851217221259276 264.0075756488816978 258.0697580112787932 252.388589282479245 246.9817807045693883 241.8677324489565024 237.0653918225939663 232.5940669922601387 228.4731931759172596 224.7220505424423322 221.3594362117865444 218.4032966784155576 215.8703314492290417 213.7755832643194935 212.1320343559642652 210.9502310972898727 210.23796041628637 210 210.23796041628637 210 210.23796041628637 210.9502310972898727 212.1320343559642652 213.7755832643194935 215.8703314492290417 218.4032966784155576 221.3594362117865444 224.7220505424423322
270.1851217221259276 280.1785145224379789 290.1723625709381622 300.1666203960726875 310.1612483854164566 320.1562118716424266 330.1514803843835466 336.0059523282288296 328.0243893371344939 320.1562118716424266 312.4099870362661591 304.7950130825634005 297.3213749463700992 290 282.8427124746190202 275.862284482674454 269.0724809414742253 262.488094968133737 256.1249694973139412 250 244.1311123146740556 238.5372088375312671 233.2380757938120155 228.2542442102665348 223.6067977499789663 219.3171219946130748 215.4065922853801567 211.896201004170905 208.8061301782109922 206.1552812808830311 203.9607805437113939 202.2374841615668402 200.9975124224177989 200.2498439450078536 200 200.2498439450078536 200 200.2498439450078536 200.9975124224177989 202.2374841615668402 203.9607805437113939 206.1552812808830311 208.8061301782109922 211.896201004170905 215.4065922853801567
270 280 290 300 310 320 330 330.1514803843835466 322.0248437620923596 314.006369362151645 306.104557300279339 298.3286778035259772 290.6888370749726391 283.1960451701258989 275.862284482674454 268.7005768508880692 261.7250465660480359 254.9509756796392423 248.3948469674844262 242.0743687382041003 236.0084744241189298 230.2172886644267749 224.7220505424423322 219.5449840010014952 214.7091055358388871 210.23796041628637 206.1552812808830311 202.4845673131658828 199.2485884517127488 196.4688270438849997 194.1648783894760015 192.3538406167134553 191.0497317454280051 190.2629759044044704 190 190.2629759044044704 190 190.2629759044044704 191.0497317454280051 192.3538406167134553 194.1648783894760015 196.4688270438849997 199.2485884517127488 202.4845673131658828 206.1552812808830311
270.1851217221259276 280.1785145224379789 290.1723625709381622 300.1666203960726875 310.1612483854164566 320.1562118716424266 330.1514803843835466 324.4996147917590292 316.2277660168379612 308.0584360149872509 300 292.0616373302046895 284.2534080710378817 276.5863337187865909 269.0724809414742253 261.7250465660480359 254.5584412271571182 247.5883680627989349 240.8318915758459013 234.3074902771996335 228.0350850198275907 222.0360331117451835 216.3330765278393528 210.9502310972898727 205.912602819740016 201.2461179749810753 196.9771560359220928 193.1320791582796517 189.7366596101027483 186.8154169226940553 184.3908891458577557 182.4828759089465962 181.107702762748346 180.2775637731994607 180 180.2775637731994607 180 180.2775637731994607 181.107702762748346 182.4828759089465962 184.3908891458577557 186.8154169226940553 189.7366596101027483 193.1320791582796517 196.9771560359220928
270.7397274136176861 280.7133769523640012 290.6888370749726391 300.6659275674581409 310.6444913401813324 320.6243908376279705 327.5667870831840105 319.0611226708763297 310.6444913401813324 302.3243291566194557 294.1088233970548345 286.0069929215018192 278.0287754891568852 270.1851217221259276 262.488094968133737 254.9509756796392423 247.5883680627989349 240.4163056034261672 233.4523505985750376 226.7156809750926811 220.2271554554524187 214.0093455903269728 208.0865204668481283 202.4845673131658828 197.2308292331601933 192.3538406167134553 187.8829422805593481 183.8477631085023631 180.2775637731994607 177.2004514666934938 174.6424919657298176 172.6267650163206895 171.1724276862368868 170.2938636592640194 170 170.2938636592640194 170 170.2938636592640194 171.1724276862368868 172.6267650163206895 174.6424919657298176 177.2004514666934938 180.2775637731994607 183.8477631085023631 187.8829422805593481
271.6615541441224764 281.6025568065744551 291.5475947422650052 301.4962686336266984 311.4482300479487549 320.1562118716424266 320 313.8470965295043129 305.2867504494749369 296.8164415931166218 288.4441020371191371 280.1785145224379789 272.0294101747088575 264.0075756488816978 256.1249694973139412 248.3948469674844262 240.8318915758459013 233.4523505985750376 226.2741699796952162 219.3171219946130748 212.6029162546929854 206.1552812808830311 200 194.1648783894760015 188.6796226411320845 183.5755975068582018 178.8854381999831844 174.6424919657298176 170.8800749063506146 167.6305461424020962 164.9242250247064305 162.7882059609970611 161.2451549659709826 160.3121954188139853 160 160.3121954188139853 160 160.3121954188139853 161.2451549659709826 162.7882059609970611 164.9242250247064305 167.6305461424020962 170.8800749063506146 174.6424919657298176 178.8854381999831844
272.9468812791236019 282.8427124746190202 292.7456233660889211 302.6549190084311363 310.6444913401813324 310.1612483854164566 310 308.8689042296099956 300.1666203960726875 291.5475947422650052 283.0194339616980983 274.5906043549196056 266.2705391138869686 258.0697580112787932 250 242.0743687382041003 234.3074902771996335 226.7156809750926811 219.3171219946130748 212.1320343559642652 205.1828452868319062 198.4943324127920903 192.0937271229854559 186.0107523773827438 180.2775637731994607 174.9285568453590258 170 165.5294535724684977 161.5549442140351175 158.1138830084189806 155.2417469626002458 152.9705854077835454 151.3274595042155681 150.3329637837290704 150 150.3329637837290704 150 150.3329637837290704 151.3274595042155681 152.9705854077835454 155.2417469626002458 158.1138830084189806 161.5549442140351175 165.5294535724684977 170
274.5906043549196056 284.4292530665578624 294.2787793912432335 301.4962686336266984 300.6659275674581409 300.1666203960726875 300 300.1666203960726875 295.2964612046679918 286.5309756378880479 277.8488797889961006 269.2582403567251959 260.7680962081059306 252.388589282479245 244.1311123146740556 236.0084744241189298 228.0350850198275907 220.2271554554524187 212.6029162546929854 205.1828452868319062 197.9898987322333141 191.0497317454280051 184.3908891458577557 178.0449381476485655 172.0465053408525478 166.4331697709323805 161.2451549659709826 156.524758424985265 152.3154621172781731 148.6606874731850496 145.6021977856103717 143.1782106327635233 141.4213562373095101 140.3566884761820006 140 140.3566884761820006 140 140.3566884761820006 141.4213562373095101 143.1782106327635233 145.6021977856103717 148.6606874731850496 152.3154621172781731 156.524758424985265 161.2451549659709826
276.5863337187865909 286.3564212655270467 292.7456233660889211 291.5475947422650052 290.6888370749726391 290.1723625709381622 290 290.1723625709381622 290.6888370749726391 281.7800560721074135 272.9468812791236019 264.1968962724581047 255.5386467836127622 246.9817807045693883 238.5372088375312671 230.2172886644267749 222.0360331117451835 214.0093455903269728 206.1552812808830311 198.4943324127920903 191.0497317454280051 183.8477631085023631 176.9180601295413169 170.2938636592640194 164.0121946685672469 158.1138830084189806 152.6433752247374684 147.6482306023339959 143.1782106327635233 139.2838827718412062 136.0147050873544288 133.4166406412633421 131.5294643796590606 130.3840481040529653 130 130.3840481040529653 130 130.3840481040529653 131.5294643796590606 133.4166406412633421 136.0147050873544288 139.2838827718412062 143.1782106327635233 147.6482306023339959 152.6433752247374684
