landscapes/exported_ascii_MS_HABMAT_SS_5HA_DIST/simulation_000033_p030_h050_HABMAT_ss_2_to_500pix_edge_dist_modified.asc
ncols         512
nrows         512
xllcorner     0
yllcorner     0
cellsize      10
NODATA_value  -99
[rows 294 to 314 of 512, columns 94 to 140 of 512]
-10 10 10 -10 10 -10 10 -10 -10 10 14.142135623730951 10 -10 -10 10 20 20 14.142135623730951 10 14.142135623730951 22.3606797749978981 31.6227766016837926 41.2310562561766076 41.2310562561766076 40 41.2310562561766076 44.7213595499957961 50 56.568542494923804 64.0312423743284853 72.1110255092797843 80.6225774829854913 80.6225774829854913 72.1110255092797843 64.0312423743284853 56.568542494923804 50 42.426406871192853 36.0555127546398921 28.284271247461902 20 10 -10 10 20 30 36.0555127546398921
-10 10 10 10 14.142135623730951 10 14.142135623730951 10 10 14.142135623730951 10 -10 -14.142135623730951 -10 10 20 22.3606797749978981 22.3606797749978981 20 22.3606797749978981 28.284271247461902 36.0555127546398921 44.7213595499957961 50.9901951359278485 50 50.9901951359278485 53.8516480713450392 58.3095189484530039 64.0312423743284853 70.7106781186547551 78.1024967590665398 85.4400374531753073 76.1577310586390865 67.082039324993687 58.3095189484530039 50 42.426406871192853 36.0555127546398921 28.284271247461902 22.3606797749978981 14.142135623730951 10 -10 10 20 30 28.284271247461902
-10 -10 -10 10 20 20 22.3606797749978981 20 20 20 10 -10 -10 10 14.142135623730951 10 14.142135623730951 22.3606797749978981 30 31.6227766016837926 36.0555127546398921 42.426406871192853 50 58.3095189484530039 60 60.8276253029821987 63.2455532033675851 67.082039324993687 72.1110255092797843 78.1024967590665398 84.8528137423857061 82.4621125123532153 72.8010988928051859 63.2455532033675851 53.8516480713450392 44.7213595499957961 36.0555127546398921 28.284271247461902 22.3606797749978981 14.142135623730951 10 -10 -10 10 20 30 22.3606797749978981
10 10 10 14.142135623730951 22.3606797749978981 30 30 30 30 22.3606797749978981 14.142135623730951 10 10 14.142135623730951 10 -10 10 20 30 40 44.7213595499957961 50 56.568542494923804 64.0312423743284853 70 70.7106781186547551 72.8010988928051859 76.1577310586390865 80.6225774829854913 86.0232526704262739 90.553851381374173 80.6225774829854913 70.7106781186547551 60.8276253029821987 50.9901951359278485 41.2310562561766076 31.6227766016837926 22.3606797749978981 14.142135623730951 10 -10 -10 10 14.142135623730951 22.3606797749978981 28.284271247461902 20
20 20 20 22.3606797749978981 28.284271247461902 22.3606797749978981 20 20 22.3606797749978981 28.284271247461902 20 10 -10 10 -10 10 14.142135623730951 22.3606797749978981 31.6227766016837926 41.2310562561766076 50.9901951359278485 58.3095189484530039 64.0312423743284853 70.7106781186547551 78.1024967590665398 80 80.6225774829854913 82.4621125123532153 85.4400374531753073 89.4427190999915922 90 80 70 60 50 40 30 20 10 -10 -10 -14.142135623730951 -10 10 20 20 14.142135623730951
30 30 30 31.6227766016837926 22.3606797749978981 14.142135623730951 10 10 14.142135623730951 22.3606797749978981 22.3606797749978981 14.142135623730951 10 -10 10 14.142135623730951 22.3606797749978981 28.284271247461902 36.0555127546398921 44.7213595499957961 53.8516480713450392 63.2455532033675851 70.7106781186547551 70 70 70 70.7106781186547551 72.8010988928051859 76.1577310586390865 80.6225774829854913 86.0232526704262739 80.6225774829854913 70.7106781186547551 60.8276253029821987 50.9901951359278485 41.2310562561766076 31.6227766016837926 22.3606797749978981 14.142135623730951 10 10 -10 -10 10 10 10 10
20 22.3606797749978981 28.284271247461902 30 20 10 -10 -10 10 14.142135623730951 20 10 -10 10 14.142135623730951 22.3606797749978981 28.284271247461902 36.0555127546398921 42.426406871192853 50 58.3095189484530039 63.2455532033675851 60.8276253029821987 60 60 60 60.8276253029821987 63.2455532033675851 67.082039324993687 72.1110255092797843 78.1024967590665398 82.4621125123532153 72.8010988928051859 63.2455532033675851 53.8516480713450392 44.7213595499957961 36.0555127546398921 28.284271247461902 22.3606797749978981 20 14.142135623730951 10 -10 -10 -10 -10 10
10 14.142135623730951 22.3606797749978981 30 20 10 -10 -10 -10 10 20 14.142135623730951 10 14.142135623730951 22.3606797749978981 28.284271247461902 36.0555127546398921 42.426406871192853 50 56.568542494923804 58.3095189484530039 53.8516480713450392 50.9901951359278485 50 50 50 50.9901951359278485 53.8516480713450392 58.3095189484530039 64.0312423743284853 70.7106781186547551 78.1024967590665398 76.1577310586390865 67.082039324993687 58.3095189484530039 50 42.426406871192853 36.0555127546398921 31.6227766016837926 28.284271247461902 22.3606797749978981 14.142135623730951 10 -10 -10 10 14.142135623730951
-10 10 20 30 22.3606797749978981 14.142135623730951 10 10 10 10 10 10 14.142135623730951 22.3606797749978981 28.284271247461902 36.0555127546398921 42.426406871192853 50 56.568542494923804 56.568542494923804 50 44.7213595499957961 41.2310562561766076 40 40 40 41.2310562561766076 44.7213595499957961 50 56.568542494923804 64.0312423743284853 72.1110255092797843 70.7106781186547551 64.0312423743284853 56.568542494923804 50 44.7213595499957961 41.2310562561766076 40 36.0555127546398921 28.284271247461902 20 10 -10 -10 -10 10
-10 10 20 30 22.3606797749978981 14.142135623730951 10 -10 10 -10 -10 -10 10 14.142135623730951 22.3606797749978981 31.6227766016837926 41.2310562561766076 50.9901951359278485 58.3095189484530039 50 42.426406871192853 36.0555127546398921 31.6227766016837926 30 30 30 31.6227766016837926 36.0555127546398921 42.426406871192853 50 58.3095189484530039 67.082039324993687 64.0312423743284853 56.568542494923804 50 42.426406871192853 36.0555127546398921 31.6227766016837926 30 30 30 20 10 -10 10 -10 10
10 14.142135623730951 22.3606797749978981 30 20 10 -10 -10 10 10 -10 -10 -10 10 20 30 40 50 53.8516480713450392 44.7213595499957961 36.0555127546398921 28.284271247461902 22.3606797749978981 20 20 20 22.3606797749978981 28.284271247461902 36.0555127546398921 44.7213595499957961 53.8516480713450392 63.2455532033675851 58.3095189484530039 50 42.426406871192853 36.0555127546398921 28.284271247461902 22.3606797749978981 20 20 20 22.3606797749978981 14.142135623730951 10 14.142135623730951 10 14.142135623730951
10 20 28.284271247461902 31.6227766016837926 22.3606797749978981 14.142135623730951 10 10 14.142135623730951 14.142135623730951 10 10 10 14.142135623730951 22.3606797749978981 31.6227766016837926 41.2310562561766076 50.9901951359278485 50.9901951359278485 41.2310562561766076 31.6227766016837926 22.3606797749978981 14.142135623730951 10 10 10 14.142135623730951 22.3606797749978981 31.6227766016837926 41.2310562561766076 50.9901951359278485 60.8276253029821987 53.8516480713450392 44.7213595499957961 36.0555127546398921 28.284271247461902 22.3606797749978981 14.142135623730951 10 10 10 14.142135623730951 22.3606797749978981 20 22.3606797749978981 20 20
14.142135623730951 22.3606797749978981 31.6227766016837926 36.0555127546398921 28.284271247461902 22.3606797749978981 20 20 22.3606797749978981 22.3606797749978981 20 20 20 22.3606797749978981 28.284271247461902 36.0555127546398921 44.7213595499957961 53.8516480713450392 50 40 30 20 10 -10 -10 -10 10 20 30 40 50 60 50.9901951359278485 41.2310562561766076 31.6227766016837926 22.3606797749978981 14.142135623730951 10 -10 -10 -10 10 20 30 22.3606797749978981 14.142135623730951 10
22.3606797749978981 28.284271247461902 36.0555127546398921 42.426406871192853 36.0555127546398921 31.6227766016837926 30 30 31.6227766016837926 31.6227766016837926 30 30 30 31.6227766016837926 36.0555127546398921 42.426406871192853 50 58.3095189484530039 50.9901951359278485 41.2310562561766076 31.6227766016837926 22.3606797749978981 14.142135623730951 10 10 10 14.142135623730951 22.3606797749978981 31.6227766016837926 41.2310562561766076 50.9901951359278485 60 50 40 30 20 10 -10 -14.142135623730951 -10 10 14.142135623730951 22.3606797749978981 28.284271247461902 20 10 -10
31.6227766016837926 36.0555127546398921 42.426406871192853 50 44.7213595499957961 41.2310562561766076 40 40 41.2310562561766076 41.2310562561766076 40 40 40 41.2310562561766076 44.7213595499957961 50 56.568542494923804 63.2455532033675851 53.8516480713450392 44.7213595499957961 36.0555127546398921 28.284271247461902 22.3606797749978981 20 20 20 22.3606797749978981 28.284271247461902 36.0555127546398921 44.7213595499957961 53.8516480713450392 60 50 40 30 20 10 -10 -10 -10 -10 10 14.142135623730951 22.3606797749978981 14.142135623730951 10 10
41.2310562561766076 44.7213595499957961 50 56.568542494923804 53.8516480713450392 50.9901951359278485 50 50 50.9901951359278485 50.9901951359278485 50 50 50 50.9901951359278485 53.8516480713450392 58.3095189484530039 64.0312423743284853 67.082039324993687 58.3095189484530039 50 42.426406871192853 36.0555127546398921 31.6227766016837926 30 30 30 31.6227766016837926 36.0555127546398921 42.426406871192853 50 58.3095189484530039 60.8276253029821987 50.9901951359278485 41.2310562561766076 31.6227766016837926 22.3606797749978981 14.142135623730951 10 10 10 10 -10 10 20 10 -10 -10
50.9901951359278485 53.8516480713450392 58.3095189484530039 64.0312423743284853 63.2455532033675851 60.8276253029821987 60 60 60.8276253029821987 60.8276253029821987 60 60 60 60.8276253029821987 63.2455532033675851 67.082039324993687 72.1110255092797843 72.1110255092797843 64.0312423743284853 56.568542494923804 50 44.7213595499957961 41.2310562561766076 40 40 40 41.2310562561766076 44.7213595499957961 50 56.568542494923804 64.0312423743284853 63.2455532033675851 53.8516480713450392 44.7213595499957961 36.0555127546398921 28.284271247461902 22.3606797749978981 20 20 20 14.142135623730951 10 14.142135623730951 10 10 -10 10
60.8276253029821987 63.2455532033675851 67.082039324993687 72.1110255092797843 72.8010988928051859 70.7106781186547551 70 70 70.7106781186547551 70.7106781186547551 70 70 70 70.7106781186547551 72.8010988928051859 76.1577310586390865 80.6225774829854913 78.1024967590665398 70.7106781186547551 64.0312423743284853 58.3095189484530039 53.8516480713450392 50.9901951359278485 50 50 50 50.9901951359278485 53.8516480713450392 58.3095189484530039 64.0312423743284853 70.7106781186547551 67.082039324993687 58.3095189484530039 50 42.426406871192853 36.0555127546398921 28.284271247461902 22.3606797749978981 20 20 22.3606797749978981 20 10 -10 -10 10 14.142135623730951
70.7106781186547551 72.8010988928051859 76.1577310586390865 80.6225774829854913 82.4621125123532153 80.6225774829854913 80 80 80.6225774829854913 80.6225774829854913 80 80 80 80.6225774829854913 82.4621125123532153 85.4400374531753073 89.4427190999915922 84.8528137423857061 78.1024967590665398 72.1110255092797843 67.082039324993687 63.2455532033675851 60.8276253029821987 60 60 60 60.8276253029821987 63.2455532033675851 67.082039324993687 72.1110255092797843 78.1024967590665398 70.7106781186547551 60.8276253029821987 50.9901951359278485 41.2310562561766076 31.6227766016837926 22.3606797749978981 14.142135623730951 10 10 14.142135623730951 22.3606797749978981 14.142135623730951 10 -10 10 14.142135623730951
80.6225774829854913 82.4621125123532153 85.4400374531753073 89.4427190999915922 92.1954445729288778 90.553851381374173 90 90 90.553851381374173 90.553851381374173 90 90 90 90.553851381374173 92.1954445729288778 94.8683298050513741 98.4885780179610464 92.1954445729288778 86.0232526704262739 80.6225774829854913 76.1577310586390865 72.8010988928051859 70.7106781186547551 70 70 70 70.7106781186547551 72.8010988928051859 76.1577310586390865 80.6225774829854913 80 70 60 50 40 30 20 10 -10 -10 10 14.142135623730951 22.3606797749978981 14.142135623730951 10 -10 10
90.553851381374173 92.1954445729288778 94.8683298050513741 98.4885780179610464 101.9803902718556969 100.4987562112088995 100 100 100.4987562112088995 100.4987562112088995 100 100 100 100.4987562112088995 101.9803902718556969 104.4030650891054961 106.3014581273464927 100 94.3398113205660422 89.4427190999915922 85.4400374531753073 82.4621125123532153 80.6225774829854913 80 80 80 80.6225774829854913 82.4621125123532153 85.4400374531753073 89.4427190999915922 80 70 60 50 40 30 20 10 -10 -10 -10 10 20 22.3606797749978981 14.142135623730951 10 14.142135623730951
