landscapes/exported_ascii_MS_HABMAT_SS_5HA_DIST/simulation_000030_p036_h039_HABMAT_ss_2_to_500pix_edge_dist_modified.asc
ncols         512
nrows         512
xllcorner     0
yllcorner     0
cellsize      10
NODATA_value  -99
[rows 273 to 293 of 512, columns 48 to 95 of 512]
14.142135623730951 10 14.142135623730951 20 22.3606797749978981 28.284271247461902 36.0555127546398921 36.0555127546398921 28.284271247461902 22.3606797749978981 20 20 14.142135623730951 10 -10 -14.142135623730951 -10 10 -10 10 10 10 14.142135623730951 22.3606797749978981 31.6227766016837926 36.0555127546398921 41.2310562561766076 44.7213595499957961 50 50.9901951359278485 53.8516480713450392 58.3095189484530039 64.0312423743284853 56.568542494923804 50 44.7213595499957961 41.2310562561766076 40 40 41.2310562561766076 40 40 41.2310562561766076 44.7213595499957961 50 56.568542494923804 64.0312423743284853 72.1110255092797843
22.3606797749978981 20 22.3606797749978981 28.284271247461902 31.6227766016837926 36.0555127546398921 40 31.6227766016837926 22.3606797749978981 14.142135623730951 10 10 10 -10 -14.142135623730951 -10 10 -10 -10 10 -10 -10 10 20 28.284271247461902 36.0555127546398921 44.7213595499957961 53.8516480713450392 58.3095189484530039 60.8276253029821987 63.2455532033675851 64.0312423743284853 56.568542494923804 50 42.426406871192853 36.0555127546398921 31.6227766016837926 30 30 31.6227766016837926 30 30 31.6227766016837926 36.0555127546398921 42.426406871192853 50 58.3095189484530039 67.082039324993687
31.6227766016837926 30 31.6227766016837926 36.0555127546398921 36.0555127546398921 31.6227766016837926 30 30 20 10 -10 -10 10 10 -10 -14.142135623730951 -10 10 -10 10 10 -10 10 14.142135623730951 22.3606797749978981 31.6227766016837926 41.2310562561766076 50.9901951359278485 60.8276253029821987 70.7106781186547551 67.082039324993687 58.3095189484530039 50 42.426406871192853 36.0555127546398921 28.284271247461902 22.3606797749978981 20 20 22.3606797749978981 20 20 22.3606797749978981 28.284271247461902 36.0555127546398921 44.7213595499957961 53.8516480713450392 63.2455532033675851
41.2310562561766076 40 41.2310562561766076 36.0555127546398921 28.284271247461902 22.3606797749978981 20 22.3606797749978981 20 10 -10 -10 10 -10 -10 -10 10 -10 -10 10 14.142135623730951 10 -10 10 20 30 40 50 60 70 63.2455532033675851 53.8516480713450392 44.7213595499957961 36.0555127546398921 28.284271247461902 22.3606797749978981 14.142135623730951 10 10 14.142135623730951 10 10 14.142135623730951 22.3606797749978981 31.6227766016837926 41.2310562561766076 50.9901951359278485 60.8276253029821987
50 42.426406871192853 36.0555127546398921 28.284271247461902 22.3606797749978981 14.142135623730951 10 14.142135623730951 22.3606797749978981 14.142135623730951 10 -10 10 10 10 -10 -10 -10 10 14.142135623730951 22.3606797749978981 14.142135623730951 10 14.142135623730951 22.3606797749978981 31.6227766016837926 41.2310562561766076 50.9901951359278485 60.8276253029821987 70.7106781186547551 60.8276253029821987 50.9901951359278485 41.2310562561766076 31.6227766016837926 22.3606797749978981 14.142135623730951 10 -10 -10 10 -10 -10 10 20 30 40 50 60
44.7213595499957961 36.0555127546398921 28.284271247461902 22.3606797749978981 14.142135623730951 10 -10 10 20 10 -10 -14.142135623730951 -10 -10 10 10 -10 10 14.142135623730951 22.3606797749978981 28.284271247461902 22.3606797749978981 20 22.3606797749978981 28.284271247461902 36.0555127546398921 44.7213595499957961 53.8516480713450392 63.2455532033675851 70 60 50 40 30 20 10 -10 10 -10 -10 -10 10 14.142135623730951 22.3606797749978981 31.6227766016837926 41.2310562561766076 50.9901951359278485 50
41.2310562561766076 31.6227766016837926 22.3606797749978981 14.142135623730951 10 -10 10 10 14.142135623730951 10 10 -10 -20 -10 10 14.142135623730951 10 14.142135623730951 22.3606797749978981 28.284271247461902 36.0555127546398921 31.6227766016837926 30 31.6227766016837926 36.0555127546398921 42.426406871192853 50 58.3095189484530039 67.082039324993687 70 60 50 40 30 20 10 -10 -10 -10 10 10 14.142135623730951 22.3606797749978981 28.284271247461902 36.0555127546398921 44.7213595499957961 41.2310562561766076 40
40 30 20 10 -10 10 -10 -10 10 -10 -10 -14.142135623730951 -14.142135623730951 -10 -10 10 20 22.3606797749978981 28.284271247461902 36.0555127546398921 42.426406871192853 41.2310562561766076 40 41.2310562561766076 44.7213595499957961 50 56.568542494923804 60 60.8276253029821987 63.2455532033675851 60.8276253029821987 50.9901951359278485 41.2310562561766076 31.6227766016837926 22.3606797749978981 14.142135623730951 10 10 -10 10 20 22.3606797749978981 28.284271247461902 36.0555127546398921 42.426406871192853 36.0555127546398921 31.6227766016837926 30
40 30 20 10 -10 -10 -10 10 -10 10 -10 -14.142135623730951 -10 10 -10 10 20 20 22.3606797749978981 28.284271247461902 36.0555127546398921 44.7213595499957961 50 50.9901951359278485 50.9901951359278485 50 50 50 50.9901951359278485 53.8516480713450392 53.8516480713450392 50.9901951359278485 44.7213595499957961 36.0555127546398921 28.284271247461902 22.3606797749978981 20 14.142135623730951 10 14.142135623730951 22.3606797749978981 31.6227766016837926 36.0555127546398921 42.426406871192853 36.0555127546398921 28.284271247461902 22.3606797749978981 20
41.2310562561766076 31.6227766016837926 22.3606797749978981 14.142135623730951 10 10 -10 -10 -10 10 10 -10 10 14.142135623730951 10 14.142135623730951 10 10 14.142135623730951 22.3606797749978981 31.6227766016837926 41.2310562561766076 50 44.7213595499957961 41.2310562561766076 40 40 40 41.2310562561766076 44.7213595499957961 44.7213595499957961 41.2310562561766076 40 41.2310562561766076 36.0555127546398921 31.6227766016837926 28.284271247461902 22.3606797749978981 20 22.3606797749978981 28.284271247461902 36.0555127546398921 44.7213595499957961 36.0555127546398921 28.284271247461902 22.3606797749978981 14.142135623730951 10
44.7213595499957961 36.0555127546398921 28.284271247461902 20 10 -10 -10 10 10 10 -10 10 14.142135623730951 10 -10 10 -10 -10 10 20 30 40 40 36.0555127546398921 31.6227766016837926 30 30 30 31.6227766016837926 36.0555127546398921 36.0555127546398921 31.6227766016837926 30 31.6227766016837926 36.0555127546398921 41.2310562561766076 36.0555127546398921 31.6227766016837926 30 31.6227766016837926 36.0555127546398921 42.426406871192853 41.2310562561766076 31.6227766016837926 22.3606797749978981 14.142135623730951 10 -10
50 40 30 20 10 -10 -14.142135623730951 -10 -10 10 10 10 14.142135623730951 10 -10 -10 -10 -10 10 20 30 31.6227766016837926 30 28.284271247461902 22.3606797749978981 20 20 20 22.3606797749978981 28.284271247461902 28.284271247461902 22.3606797749978981 20 22.3606797749978981 28.284271247461902 36.0555127546398921 42.426406871192853 41.2310562561766076 40 40 41.2310562561766076 41.2310562561766076 40 30 20 10 -10 -10
50 40 30 20 10 -10 -14.142135623730951 -20 -14.142135623730951 -10 -10 -10 10 -10 10 10 10 10 14.142135623730951 22.3606797749978981 28.284271247461902 22.3606797749978981 20 22.3606797749978981 14.142135623730951 10 10 10 14.142135623730951 22.3606797749978981 22.3606797749978981 14.142135623730951 10 14.142135623730951 22.3606797749978981 28.284271247461902 36.0555127546398921 36.0555127546398921 31.6227766016837926 30 31.6227766016837926 31.6227766016837926 30 31.6227766016837926 22.3606797749978981 14.142135623730951 10 -10
50.9901951359278485 41.2310562561766076 31.6227766016837926 22.3606797749978981 14.142135623730951 10 -10 -10 -10 -14.142135623730951 -10 -10 10 -10 -10 -10 10 20 22.3606797749978981 28.284271247461902 22.3606797749978981 14.142135623730951 10 14.142135623730951 10 -10 -10 -10 10 20 20 10 -10 10 14.142135623730951 22.3606797749978981 28.284271247461902 28.284271247461902 22.3606797749978981 20 22.3606797749978981 22.3606797749978981 20 22.3606797749978981 28.284271247461902 22.3606797749978981 14.142135623730951 10
53.8516480713450392 44.7213595499957961 36.0555127546398921 28.284271247461902 22.3606797749978981 14.142135623730951 10 10 10 -10 10 -10 -10 10 -10 -10 10 20 30 30 20 10 -10 10 10 10 10 10 14.142135623730951 20 22.3606797749978981 14.142135623730951 10 -10 10 14.142135623730951 22.3606797749978981 20 14.142135623730951 10 14.142135623730951 14.142135623730951 10 14.142135623730951 22.3606797749978981 28.284271247461902 22.3606797749978981 20
58.3095189484530039 50 42.426406871192853 36.0555127546398921 28.284271247461902 22.3606797749978981 20 10 -10 10 10 -10 -10 -10 -10 10 14.142135623730951 22.3606797749978981 31.6227766016837926 31.6227766016837926 22.3606797749978981 14.142135623730951 10 -10 -10 -10 10 20 14.142135623730951 10 14.142135623730951 10 -10 -10 -10 10 14.142135623730951 10 10 -10 10 10 -10 10 20 30 28.284271247461902 22.3606797749978981
64.0312423743284853 56.568542494923804 50 42.426406871192853 36.0555127546398921 30 20 10 -10 -10 10 10 10 -10 10 14.142135623730951 22.3606797749978981 28.284271247461902 36.0555127546398921 36.0555127546398921 28.284271247461902 22.3606797749978981 14.142135623730951 10 10 10 14.142135623730951 14.142135623730951 10 -10 10 -10 10 10 -10 -10 10 -10 -10 -14.142135623730951 -10 -10 10 14.142135623730951 22.3606797749978981 31.6227766016837926 22.3606797749978981 14.142135623730951
70.7106781186547551 64.0312423743284853 56.568542494923804 50 41.2310562561766076 31.6227766016837926 22.3606797749978981 14.142135623730951 10 -10 10 -10 10 10 14.142135623730951 22.3606797749978981 28.284271247461902 36.0555127546398921 42.426406871192853 42.426406871192853 36.0555127546398921 28.284271247461902 22.3606797749978981 20 20 20 14.142135623730951 10 -10 -14.142135623730951 -10 10 14.142135623730951 10 -10 -14.142135623730951 -10 -10 10 -10 -10 10 14.142135623730951 22.3606797749978981 28.284271247461902 28.284271247461902 20 10
78.1024967590665398 70.7106781186547551 63.2455532033675851 53.8516480713450392 44.7213595499957961 36.0555127546398921 28.284271247461902 22.3606797749978981 14.142135623730951 10 -10 -10 10 20 22.3606797749978981 28.284271247461902 36.0555127546398921 42.426406871192853 50 50 42.426406871192853 36.0555127546398921 31.6227766016837926 30 30 20 10 -10 -10 -10 -10 10 20 10 -10 -20 -10 10 -10 -10 -10 10 20 28.284271247461902 31.6227766016837926 22.3606797749978981 14.142135623730951 10
84.8528137423857061 76.1577310586390865 67.082039324993687 58.3095189484530039 50 42.426406871192853 36.0555127546398921 28.284271247461902 20 10 -10 10 14.142135623730951 22.3606797749978981 31.6227766016837926 36.0555127546398921 42.426406871192853 50 56.568542494923804 56.568542494923804 50 44.7213595499957961 41.2310562561766076 36.0555127546398921 28.284271247461902 22.3606797749978981 14.142135623730951 10 10 10 10 14.142135623730951 20 10 -10 -14.142135623730951 -10 10 10 10 10 14.142135623730951 22.3606797749978981 31.6227766016837926 30 20 10 -10
89.4427190999915922 80.6225774829854913 72.1110255092797843 64.0312423743284853 56.568542494923804 50 40 30 20 10 -10 -10 10 20 30 40 50 53.8516480713450392 50.9901951359278485 50 50 50.9901951359278485 41.2310562561766076 31.6227766016837926 22.3606797749978981 14.142135623730951 10 14.142135623730951 20 14.142135623730951 10 14.142135623730951 22.3606797749978981 14.142135623730951 10 -10 -10 10 20 20 20 22.3606797749978981 28.284271247461902 31.6227766016837926 30 22.3606797749978981 14.142135623730951 10
