landscapes/exported_ascii_MS_HABMAT_SS_5HA_DIST/simulation_000071_p041_h036_HABMAT_ss_2_to_500pix_edge_dist_modified.asc
ncols         512
nrows         512
xllcorner     0
yllcorner     0
cellsize      10
NODATA_value  -99
[rows 400 to 419 of 512, columns 47 to 93 of 512]
392.0459156782531522 400 408.0441152620633147 416.1730409336962566 424.3819034784588666 432.6661530556787056 441.02154142399894 449.4441010848846645 457.9301256742124338 466.476151587624031 475.0789408087881043 483.7354648979130047 492.4428900898052461 501.1985634456667071 510 518.844870842913906 527.7309920783504822 536.6563145999494964 545.6189146281495823 554.6169849544819499 563.6488268416781011 572.7128425310540933 581.8075283115542788 590.9314681077662499 600.0833275470998842 609.2618484691126923 618.4658438426490648 612.0457499239741992 602.0797289396148244 592.114853723498527 582.151183113115394 572.1887800367986756 562.2277118748238536 552.2680508593630293 542.3098745182498988 532.3532661682465914 522.3983154643590296 512.4451190127582549 502.4937810560444973 492.5444142409900223 482.5971404805461589 472.6520919238589613 462.709412050370986 452.7692569068708508 442.8317965096905482 432.8972164382672645 422.9657196511320194
398.246155034797539 406.0788100849390503 414.0048308896890035 422.0189569201838822 430.116263352131341 438.2921400162225041 446.5422712353221186 454.8626166217663354 463.24939287601876 471.6990566028301828 480.2082881417187536 488.7739763939974864 497.3932046178355222 506.063237155199829 514.7815070493500116 523.5456045083369645 532.3532661682465914 541.2023651093923036 550.0909015790026615 559.0169943749474442 567.9788728465171062 576.9748694700662099 586.0034129593444732 595.0630218724736551 604.1522986797285739 613.2699242584785679 622.4146527838174734 612.9437168288782232 602.9925372672533967 593.0430001273094831 583.0951894845300103 573.1491952362839584 563.2051136131489102 553.2630477449221189 543.3231082882449527 533.3854141237834483 523.4500931320960717 513.5172830587107455 503.5871324805668792 493.6598018878993344 483.7354648979130047 473.814309619285325 463.8965401897280572 453.982378512646676 444.0720662234903671 434.1658669218481919 424.2640687119285303
404.5985664828781978 412.3105625617660621 420.1190307520000715 428.0186911806539456 436.0045871318328068 444.0720662234903671 452.2167621838005402 460.4345773288535497 468.7216658103185978 477.0744176750625343 485.4894437575342181 493.9635614091387765 502.4937810560444973 511.0772935672255244 519.7114584074513459 528.3937925449162094 537.1219600798314104 545.8937625582472037 554.7071299343465398 563.5601121442148269 572.4508712544684386 581.3776741499452783 590.338885725817704 599.3329625508679328 608.3584469702052502 617.4139616173252989 623.9390995922599359 614.0032573203500306 604.0695324215582787 594.1380311005178783 584.2088667591411877 574.2821606144491398 564.358042380898496 554.4366510251644513 544.5181356024792194 534.6026561849463405 524.6903848937962493 514.7815070493500116 504.876222454573508 494.9747468305832854 485.0773134253961416 475.1841748206688862 465.2956049652736397 455.4119014694280168 445.5333881989092788 435.6604182158392859 425.793377120875391
411.0960958218893211 418.6884283091664543 426.3801121065568509 434.1658669218481919 442.0407221060068537 450 458.0392996239514787 466.1544808322665858 474.3416490252569133 482.5971404805461589 490.9175083453430943 499.29950931279717 507.7400909914441627 516.2363799656122865 524.7856705360770775 533.3854141237834483 542.0332093147061414 550.7267925205745769 559.4640292279746063 568.2429058070149495 577.061521850140366 585.9180830116100651 594.8108943185220596 603.738353924943226 612.698947281615574 621.691241694782093 625.1399843235113849 615.2235366108809558 605.3098380168622725 595.3990258641678111 585.4912467321778422 575.5866572463263537 565.6854249492380404 555.7877292636101174 545.8937625582472037 536.0037313302958637 526.1178575186362423 516.2363799656122865 506.359556046886496 496.4876634922563881 486.6210024238575897 476.7598976424087027 466.9047011971500751 457.0557952810575557 447.2135954999579326 437.3785545725807538 427.5511665286389871
417.7319714841084419 425.2058325093859708 432.7817001676480118 440.4543109109048373 448.2186966202993972 456.0701700396551814 464.004310324807193 472.0169488482378597 480.1041553663121704 488.2622246293481112 496.4876634922563881 504.7771785649584899 513.1276644266999938 521.5361924162118612 530 538.5164807134503917 547.0831746635972195 555.6977595779922012 564.358042380898496 573.0619512757760958 581.8075283115542788 590.5929224093359835 599.4163828258283502 608.2762530298219872 617.1709649683789394 626.0990336999410601 626.4982043070833697 616.6036003787197615 606.7124524847005205 596.8249324550708934 586.9412236331675103 577.061521850140366 567.1860364994893189 557.3149917237109321 547.4486277268397316 537.5872022286245056 527.7309920783504822 517.8802950489620116 508.0354318352215159 498.1967482832460519 488.3646178829911833 478.5394445602159408 468.7216658103185978 458.9117562233506078 449.1102314577124162 439.3176527297759435 429.53463189829057
424.4997055358224998 431.8564576337836911 439.3176527297759435 446.8780594300865801 454.5327270945404621 462.2769732530488227 470.1063709417263112 478.0167361086848246 486.0041152089146408 494.0647730814250167 502.1951811795887579 510.3920062069938126 518.6520991955975433 526.972485050215937 535.3503525729669263 543.7830449729009388 552.2680508593630293 560.8029957123981148 569.3856338194703994 578.0138406647370175 586.6856057549051684 595.3990258641678111 604.1522986797285739 612.9437168288782232 621.7716622683925607 630.6346010171024545 628.0127387243032899 618.1423784210236363 608.2762530298219872 598.4145720150871739 588.557558782486467 578.7054518492114994 568.8585061331157249 559.0169943749474442 549.1812087098392112 539.3514624064720238 529.5280917949490913 519.7114584074513459 509.9019513592784847 500.0999900019995152 490.3060268852505033 480.5205510693585325 470.7440918375928049 460.977222864644375 451.2205669071391299 441.4748010928823305 431.7406628984580834
431.3930922024597976 438.6342439892261496 445.9820624195551773 453.4313619501853623 460.977222864644375 468.614980554399267 476.3402145525821538 484.1487374764082006 492.0365840057017408 500 508.0354318352215159 516.1395160225575864 524.3090691567331305 532.5410782277739372 540.8326913195984389 549.1812087098392112 557.5840743780260027 566.0388679233961966 574.543296888929035 583.0951894845300103 591.69248769948058 600.3332407921453751 609.0155991434045291 617.7378084592199912 626.4982043070833697 635.2952069707436067 629.682459657246568 619.8386886924694181 610 600.1666435249463802 590.338885725817704 580.5170109479996654 570.7013229352110102 560.8921464952063616 551.0898293381941357 541.2947441089743279 531.5072906367324777 521.7278984298233127 511.9570294468081784 502.1951811795887579 492.4428900898052461 482.7007354458867781 472.9693436154186656 463.24939287601876 453.5416188179426626 443.8468204234429209 434.1658669218481919
438.4062043356594813 445.5333881989092788 452.7692569068708508 460.108682813093651 467.5467891024383675 475.0789408087881043 482.7007354458867781 490.4079934095691442 498.1967482832460519 506.063237155199829 514.0038910358558724 522.0153254455275373 530.0943312279429165 538.2378656319156107 546.443043692570086 554.7071299343465398 563.0275304103698772 571.4017850864661341 579.8275605729689914 588.3026432033091169 596.8249324550708934 605.3924347066124483 614.0032573203500306 622.6556030423238326 631.3477647065839164 640.0781202322103809 631.5061361538777192 621.691241694782093 611.8823416311341816 602.0797289396148244 592.2837157984338319 582.4946351684279762 572.7128425310540933 562.9387178015027757 553.1726674375731818 543.4151267677409578 533.6665625650533684 523.9274758971894244 514.1984052872976463 504.4799302251775543 494.7726750741192632 485.0773134253961416 475.3945729601884977 465.7252408878007373 456.0701700396551814 446.4302857109943261 436.8065933568311152
445.5333881989092788 452.5483399593904323 459.6737973824481287 466.9047011971500751 474.2362280551750473 481.6637831516918027 489.1829923454003506 496.7896939349688523 504.4799302251775543 512.2499389946278825 520.0961449578337579 528.0151512977633956 536.0037313302958637 544.0588203494177151 552.1775076911409315 560.3570290448759579 568.5947590331800257 576.8882040742382742 585.2349955359812839 593.6328831862332436 602.0797289396148244 610.5735008989498738 619.1122676865642234 627.6941930590086258 636.3175307973212966 643.272881443015649 633.4824385884742242 623.6986451805070146 613.9218191268331566 604.1522986797285739 594.3904440685431609 584.6366392897386959 574.8912940721924087 565.1548460377916854 555.4277630799526833 545.7105459856901462 536.0037313302958637 526.3078946776306566 516.6236541235796267 506.951674225463023 497.2926703662542423 487.6474136094643654 478.0167361086848246 468.4015371452147747 458.802789878178487 449.2215489043240382 439.6589587396121601
452.7692569068708508 459.6737973824481287 466.6904755831213834 473.814309619285325 481.0405388322277531 488.3646178829911833 495.7822102496215848 503.2891812864647818 510.8815909777920297 518.5556864985669563 526.3078946776306566 534.1348144429456397 542.0332093147061414 550 558.0322571321481746 566.1271941887264347 574.2821606144491398 582.4946351684279762 590.762219509677152 599.0826320300063799 607.4537019394975914 615.8733636065128394 624.3396511515186376 632.8506932918695611 641.4047084329830568 645.3681120105021591 635.6099432828281124 625.8594091327540809 616.1168720299745019 606.3827174318212201 596.6573556070519544 586.9412236331675103 577.2347875864725211 567.5385449465084093 557.8530272392541747 548.178802946629844 538.5164807134503917 528.8667128870940815 519.2301994298867385 509.6076922496362727 500 490.4079934095691442 480.8326112068523344 471.2748667179271251 461.7358552246078034 452.2167621838005402 442.7188724235730888
452.7692569068708508 460.108682813093651 467.5467891024383675 475.0789408087881043 482.7007354458867781 490.4079934095691442 498.1967482832460519 506.063237155199829 514.0038910358558724 522.0153254455275373 530.0943312279429165 538.2378656319156107 546.443043692570086 554.7071299343465398 563.0275304103698772 571.4017850864661341 579.8275605729689914 588.2176467941096689 596.4059020499378221 604.6486583132389114 612.9437168288782232 621.2889826803626647 629.682459657246568 638.1222453417526594 646.6065264130884316 647.6109943476870967 637.88713735268243 628.1719509815764013 618.4658438426490648 608.7692502089769278 599.0826320300063799 589.4064811316550276 579.741321625429805 570.0877125495690052 560.4462507680821091 550.8175741568164767 541.2023651093923036 531.6013544000804814 522.0153254455275373 512.4451190127582549 502.8916384272063169 493.3558553417603889 483.8388161361177708 474.3416490252569133 464.8655719667783615 455.4119014694280168 445.9820624195551773
445.9820624195551773 453.4313619501853623 460.977222864644375 468.614980554399267 476.3402145525821538 484.1487374764082006 492.0365840057017408 500 508.0354318352215159 516.1395160225575864 524.3090691567331305 532.5410782277739372 540.8326913195984389 549.1812087098392112 557.5840743780260027 566.0388679233961966 574.543296888929035 583.0951894845300103 591.69248769948058 600.3332407921453751 609.0155991434045291 617.7378084592199912 626.4982043070833697 635.2952069707436067 644.1273166075166046 650 640.3124237432848531 630.6346010171024545 620.966987850400983 611.3100686231169902 601.6643582596528859 592.0304046246274083 582.408791142441487 572.8001396647874799 563.2051136131489102 553.6244214266563404 544.0588203494177151 534.5091205957106695 524.976189936267474 515.4609587543949374 505.964425626940681 496.4876634922563881 487.0318264754368442 477.5981574503821321 468.1879964287850271 458.802789878178487 449.4441010848846645
439.3176527297759435 446.8780594300865801 454.5327270945404621 462.2769732530488227 470.1063709417263112 478.0167361086848246 486.0041152089146408 494.0647730814250167 502.1951811795887579 510.3920062069938126 518.6520991955975433 526.972485050215937 535.3503525729669263 543.7830449729009388 552.2680508593630293 560.8029957123981148 569.3856338194703994 578.0138406647370175 586.6856057549051684 595.3990258641678111 604.1522986797285739 612.9437168288782232 621.7716622683925607 630.6346010171024545 639.5310782127792208 648.4597134749390079 642.8841264178172423 633.2456079595025358 623.6184731067545499 614.0032573203500306 604.4005294504629546 594.8108943185220596 585.2349955359812839 575.6735185849702248 566.1271941887264347 556.5968020030298931 547.0831746635972195 537.5872022286245056 528.1098370604357797 518.6520991955975433 509.2150822589605923 499.7999599839919824 490.4079934095691442 481.0405388322277531 471.6990566028301828 462.3851208678756848 453.100430368367654
432.7817001676480118 440.4543109109048373 448.2186966202993972 456.0701700396551814 464.004310324807193 472.0169488482378597 480.1041553663121704 488.2622246293481112 496.4876634922563881 504.7771785649584899 513.1276644266999938 521.5361924162118612 530 538.5164807134503917 547.0831746635972195 555.6977595779922012 564.358042380898496 573.0619512757760958 581.8075283115542788 590.5929224093359835 599.4163828258283502 608.2762530298219872 617.1709649683789394 626.0990336999410601 635.0590523722970602 644.0496875241847192 645.6004956627589308 636.0031446463137854 626.4183905346329766 616.8468205316454487 607.2890580275590082 597.7457653551382464 588.2176467941096689 578.7054518492114994 569.2099788303082732 559.7320787662612247 550.2726596879041381 540.8326913195984389 531.413210223456872 522.0153254455275373 512.6402247190518437 503.2891812864647818 493.9635614091387765 484.6648326421053525 475.3945729601884977 466.1544808322665858 456.9463863518345192
426.3801121065568509 434.1658669218481919 442.0407221060068537 450 458.0392996239514787 466.1544808322665858 474.3416490252569133 482.5971404805461589 490.9175083453430943 499.29950931279717 507.7400909914441627 516.2363799656122865 524.7856705360770775 533.3854141237834483 542.0332093147061414 550.7267925205745769 559.4640292279746063 568.2429058070149495 577.061521850140366 585.9180830116100651 594.8108943185220596 603.738353924943226 612.698947281615574 621.691241694782093 630.7138812488591384 639.765582068932531 648.4597134749390079 638.9053137985315516 629.3647591023825498 619.8386886924694181 610.327780786685139 600.8327554319920409 591.3543776789007325 581.8934610390462012 572.4508712544684386 563.0275304103698772 553.6244214266563404 544.2425929675110865 534.8831648126532627 525.547333738836528 516.2363799656122865 506.951674225463023 497.6946855251721331 488.466989672792522 479.2702786528703314 470.1063709417263112 460.977222864644375
420.1190307520000715 428.0186911806539456 436.0045871318328068 444.0720662234903671 452.2167621838005402 460.4345773288535497 468.7216658103185978 477.0744176750625343 485.4894437575342181 493.9635614091387765 502.4937810560444973 511.0772935672255244 519.7114584074513459 528.3937925449162094 537.1219600798314104 545.8937625582472037 554.7071299343465398 563.5601121442148269 572.4508712544684386 581.3776741499452783 590.338885725817704 599.3329625508679328 608.3584469702052502 617.4139616173252989 626.4982043070833697 635.6099432828281124 644.7480127925948636 641.9501538281613193 632.4555320336759223 622.9767250869008421 613.5144660071186991 604.0695324215582787 594.6427498927401984 585.2349955359812839 575.8472019555186989 566.4803615307419022 557.135531087364825 547.8138369920934565 538.5164807134503917 529.2447448959696885 520 510.7837115648853796 501.5974481593780752 492.4428900898052461 482.5971404805461589 472.6520919238589613 462.709412050370986
414.0048308896890035 422.0189569201838822 430.116263352131341 438.2921400162225041 446.5422712353221186 454.8626166217663354 463.24939287601876 471.6990566028301828 480.2082881417187536 488.7739763939974864 497.3932046178355222 506.063237155199829 514.7815070493500116 523.5456045083369645 532.3532661682465914 541.2023651093923036 550.0909015790026615 559.0169943749474442 567.9788728465171062 576.9748694700662099 586.0034129593444732 595.0630218724736551 604.1522986797285739 613.2699242584785679 622.4146527838174734 631.5853069855251078 640.7807737440317624 645.1356446515725338 635.6886030125127718 626.2587324740470649 616.8468205316454487 607.4537019394975914 598.0802621722272079 588.7274411814009909 579.3962374748389266 570.0877125495690052 560.8029957123981148 551.5432893255070894 542.3098745182498988 533.1041174104735774 523.4500931320960717 513.5172830587107455 503.5871324805668792 493.6598018878993344 483.7354648979130047 473.814309619285325 463.8965401897280572
408.0441152620633147 416.1730409336962566 424.3819034784588666 432.6661530556787056 441.02154142399894 449.4441010848846645 457.9301256742124338 466.476151587624031 475.0789408087881043 483.7354648979130047 492.4428900898052461 501.1985634456667071 510 518.844870842913906 527.7309920783504822 536.6563145999494964 545.6189146281495823 554.6169849544819499 563.6488268416781011 572.7128425310540933 581.8075283115542788 590.9314681077662499 600.0833275470998842 609.2618484691126923 618.4658438426490648 627.6941930590086258 636.9458375717671288 646.21977685614047 639.0618123468183285 629.682459657246568 620.3224967708329132 610.9828148156051384 601.6643582596528859 592.3681287847954309 583.0951894845300103 573.8466694161429587 564.358042380898496 554.4366510251644513 544.5181356024792194 534.6026561849463405 524.6903848937962493 514.7815070493500116 504.876222454573508 494.9747468305832854 485.0773134253961416 475.1841748206688862 465.2956049652736397
402.2437072223753489 410.4875150354758375 418.8078318274384628 427.2001872658765365 435.6604182158392859 444.1846462902561825 452.7692569068708508 461.410879802373131 470.1063709417263112 478.8527957525151351 487.6474136094643654 496.4876634922563881 505.3711507397310925 514.2956348249516623 523.2590180780451874 532.2593352868506145 541.2947441089743279 550.3635162326805812 559.4640292279746063 568.5947590331800257 577.7542730261715178 586.9412236331675103 596.1543424315551647 605.3924347066124483 614.6543744251723638 623.9390995922599359 633.2456079595025358 642.572953056693791 642.572953056693791 633.2456079595025358 623.9390995922599359 614.6543744251723638 605.3098380168622725 595.3990258641678111 585.4912467321778422 575.5866572463263537 565.6854249492380404 555.7877292636101174 545.8937625582472037 536.0037313302958637 526.1178575186362423 516.2363799656122865 506.359556046886496 496.4876634922563881 486.6210024238575897 476.7598976424087027 466.9047011971500751
396.6106403010388135 404.9691346263317655 413.4005321718877326 421.9004621945797453 430.4648650006176922 439.0899680020029905 447.772263544762211 456.5084884205330695 465.2956049652736397 474.1307836451879325 483.0113870293328659 491.9349550499537145 500.8991914547277702 509.9019513592784847 518.9412298131649095 528.0151512977633956 537.1219600798314104 546.2600113499065628 555.4277630799526833 564.6237685397242103 573.8466694161429587 583.0951894845300103 592.3681287847954309 601.6643582596528859 610.9828148156051384 620.3224967708329132 629.682459657246568 639.0618123468183285 646.21977685614047 636.3961030678927955 626.4982043070833697 616.6036003787197615 606.7124524847005205 596.8249324550708934 586.9412236331675103 577.061521850140366 567.1860364994893189 557.3149917237109321 547.4486277268397316 537.5872022286245056 527.7309920783504822 517.8802950489620116 508.0354318352215159 498.1967482832460519 488.3646178829911833 478.5394445602159408 468.7216658103185978
