landscapes/exported_ascii_MS_HABMAT_SS_5HA_DIST/simulation_000045_p025_h027_HABMAT_ss_2_to_500pix_edge_dist_modified.asc
ncols         512
nrows         512
xllcorner     0
yllcorner     0
cellsize      10
NODATA_value  -99
[rows 0 to 21 of 512, columns 300 to 349 of 512]
36.0555127546398921 28.284271247461902 22.3606797749978981 20 14.142135623730951 10 10 14.142135623730951 22.3606797749978981 31.6227766016837926 31.6227766016837926 22.3606797749978981 14.142135623730951 10 10 10 10 14.142135623730951 10 10 10 14.142135623730951 20 20 22.3606797749978981 22.3606797749978981 14.142135623730951 10 14.142135623730951 20 20 20 14.142135623730951 10 14.142135623730951 22.3606797749978981 14.142135623730951 10 10 14.142135623730951 22.3606797749978981 31.6227766016837926 22.3606797749978981 14.142135623730951 10 14.142135623730951 10 10 10 14.142135623730951
28.284271247461902 22.3606797749978981 14.142135623730951 10 10 -10 -10 10 20 28.284271247461902 30 20 10 -10 -10 -10 -10 10 -10 -10 -10 10 10 10 14.142135623730951 20 10 -10 10 10 10 10 10 -10 10 14.142135623730951 10 -10 -10 10 20 22.3606797749978981 20 10 -10 10 -10 -10 -10 10
22.3606797749978981 14.142135623730951 10 -10 10 -10 10 10 14.142135623730951 22.3606797749978981 28.284271247461902 20 10 -10 -14.142135623730951 -10 -14.142135623730951 -10 10 10 -10 -10 -10 -10 10 20 14.142135623730951 10 -10 -10 -10 -10 10 -10 -10 10 -10 10 -10 10 10 14.142135623730951 10 10 -10 10 10 10 -10 -10
20 10 -10 -10 10 10 10 -10 10 14.142135623730951 22.3606797749978981 20 10 -10 -10 10 -10 10 10 -10 -14.142135623730951 -10 10 10 14.142135623730951 10 14.142135623730951 10 -10 -14.142135623730951 -10 10 14.142135623730951 10 -10 -10 10 -10 10 10 -10 10 -10 -10 -14.142135623730951 -10 10 -10 -10 10
22.3606797749978981 14.142135623730951 10 10 14.142135623730951 10 -10 -10 -10 10 20 22.3606797749978981 14.142135623730951 10 10 10 -10 -10 10 -10 -20 -10 10 10 10 -10 10 10 -10 -10 10 -10 10 -10 10 -10 -10 -14.142135623730951 -10 10 -10 10 -10 -14.142135623730951 -10 -14.142135623730951 -10 10 -10 -10
28.284271247461902 22.3606797749978981 20 20 22.3606797749978981 14.142135623730951 10 10 10 14.142135623730951 22.3606797749978981 28.284271247461902 22.3606797749978981 20 14.142135623730951 10 10 -10 -10 -14.142135623730951 -22.3606797749978981 -14.142135623730951 -10 -10 10 -10 -10 -10 -10 -14.142135623730951 -10 -10 10 10 14.142135623730951 10 -10 -10 -10 -10 10 -10 -14.142135623730951 -10 10 -10 -14.142135623730951 -10 -10 10
36.0555127546398921 31.6227766016837926 30 30 28.284271247461902 22.3606797749978981 20 20 20 22.3606797749978981 28.284271247461902 36.0555127546398921 30 20 10 -10 -10 -14.142135623730951 -10 -10 -14.142135623730951 -14.142135623730951 -10 -10 10 -10 -20 -10 10 -10 10 10 10 -10 10 10 -10 10 10 -10 10 10 -10 -10 10 10 -10 -20 -10 10
44.7213595499957961 41.2310562561766076 40 40 36.0555127546398921 31.6227766016837926 30 30 30 31.6227766016837926 36.0555127546398921 41.2310562561766076 31.6227766016837926 22.3606797749978981 14.142135623730951 10 -10 -10 10 10 -10 -10 10 10 10 -10 -14.142135623730951 -10 10 10 -10 -10 10 10 -10 10 -10 10 -10 10 10 14.142135623730951 10 10 10 10 -10 -10 -10 -10
53.8516480713450392 50.9901951359278485 50 50 44.7213595499957961 41.2310562561766076 40 40 40 41.2310562561766076 44.7213595499957961 40 30 20 10 -10 -10 -10 10 14.142135623730951 10 10 14.142135623730951 14.142135623730951 10 -10 -10 10 10 -10 10 -10 -10 -10 -10 10 10 14.142135623730951 10 10 -10 10 14.142135623730951 10 -10 -10 10 10 10 10
63.2455532033675851 60.8276253029821987 60 58.3095189484530039 53.8516480713450392 50.9901951359278485 50 50 50 50.9901951359278485 50.9901951359278485 41.2310562561766076 31.6227766016837926 22.3606797749978981 14.142135623730951 10 10 -10 10 20 20 20 20 10 -10 10 -10 10 -10 -10 -10 -14.142135623730951 -20 -10 10 14.142135623730951 20 22.3606797749978981 20 10 -10 -10 10 14.142135623730951 10 -10 10 -10 -10 10
72.8010988928051859 70.7106781186547551 70 67.082039324993687 63.2455532033675851 60.8276253029821987 60 60 60 60.8276253029821987 53.8516480713450392 44.7213595499957961 36.0555127546398921 28.284271247461902 22.3606797749978981 20 14.142135623730951 10 14.142135623730951 22.3606797749978981 30 30 20 10 -10 -10 10 -10 10 10 -10 -14.142135623730951 -22.3606797749978981 -14.142135623730951 -10 10 20 22.3606797749978981 14.142135623730951 10 -10 -10 10 20 14.142135623730951 10 10 -10 10 14.142135623730951
82.4621125123532153 80.6225774829854913 80 76.1577310586390865 72.8010988928051859 70.7106781186547551 70 70 70 67.082039324993687 58.3095189484530039 50 42.426406871192853 36.0555127546398921 31.6227766016837926 28.284271247461902 22.3606797749978981 20 22.3606797749978981 28.284271247461902 36.0555127546398921 31.6227766016837926 22.3606797749978981 14.142135623730951 10 -10 10 -10 10 -10 10 -10 -20 -10 10 14.142135623730951 22.3606797749978981 20 10 -10 10 10 14.142135623730951 22.3606797749978981 22.3606797749978981 20 14.142135623730951 10 14.142135623730951 22.3606797749978981
92.1954445729288778 90.553851381374173 89.4427190999915922 85.4400374531753073 82.4621125123532153 80.6225774829854913 80 80 80 72.1110255092797843 64.0312423743284853 56.568542494923804 50 44.7213595499957961 41.2310562561766076 36.0555127546398921 31.6227766016837926 30 31.6227766016837926 36.0555127546398921 42.426406871192853 36.0555127546398921 28.284271247461902 22.3606797749978981 14.142135623730951 10 14.142135623730951 10 14.142135623730951 10 10 -10 -20 -14.142135623730951 -10 10 20 22.3606797749978981 14.142135623730951 10 14.142135623730951 20 22.3606797749978981 28.284271247461902 31.6227766016837926 28.284271247461902 22.3606797749978981 20 22.3606797749978981 28.284271247461902
101.9803902718556969 100.4987562112088995 98.4885780179610464 94.8683298050513741 92.1954445729288778 90.553851381374173 90 90 86.0232526704262739 78.1024967590665398 70.7106781186547551 64.0312423743284853 58.3095189484530039 53.8516480713450392 50 44.7213595499957961 41.2310562561766076 40 41.2310562561766076 44.7213595499957961 50 42.426406871192853 36.0555127546398921 28.284271247461902 22.3606797749978981 20 22.3606797749978981 20 10 -10 -10 -10 -10 -10 10 14.142135623730951 22.3606797749978981 28.284271247461902 22.3606797749978981 20 22.3606797749978981 28.284271247461902 31.6227766016837926 36.0555127546398921 41.2310562561766076 36.0555127546398921 31.6227766016837926 30 31.6227766016837926 36.0555127546398921
98.9949493661166571 106.3014581273464927 102.956301409870008 98.4885780179610464 94.8683298050513741 92.1954445729288778 90.553851381374173 90 90 84.8528137423857061 78.1024967590665398 72.1110255092797843 67.082039324993687 63.2455532033675851 58.3095189484530039 53.8516480713450392 50.9901951359278485 50 50.9901951359278485 53.8516480713450392 56.568542494923804 50 42.426406871192853 36.0555127546398921 31.6227766016837926 30 31.6227766016837926 22.3606797749978981 14.142135623730951 10 10 10 10 10 14.142135623730951 22.3606797749978981 28.284271247461902 36.0555127546398921 31.6227766016837926 30 31.6227766016837926 36.0555127546398921 41.2310562561766076 44.7213595499957961 50 44.7213595499957961 41.2310562561766076 40 41.2310562561766076 44.7213595499957961
92.1954445729288778 98.9949493661166571 94.3398113205660422 89.4427190999915922 85.4400374531753073 82.4621125123532153 80.6225774829854913 80 80 80 80 80.6225774829854913 76.1577310586390865 72.1110255092797843 67.082039324993687 63.2455532033675851 60.8276253029821987 60 60.8276253029821987 63.2455532033675851 64.0312423743284853 56.568542494923804 50 44.7213595499957961 41.2310562561766076 40 36.0555127546398921 28.284271247461902 22.3606797749978981 20 20 20 20 20 22.3606797749978981 28.284271247461902 36.0555127546398921 42.426406871192853 41.2310562561766076 40 41.2310562561766076 44.7213595499957961 50 53.8516480713450392 58.3095189484530039 53.8516480713450392 50.9901951359278485 50 50.9901951359278485 53.8516480713450392
84.8528137423857061 92.1954445729288778 86.0232526704262739 80.6225774829854913 76.1577310586390865 72.8010988928051859 70.7106781186547551 70 70 70 70 70.7106781186547551 72.8010988928051859 76.1577310586390865 76.1577310586390865 72.8010988928051859 70.7106781186547551 70 70.7106781186547551 72.8010988928051859 70.7106781186547551 64.0312423743284853 58.3095189484530039 53.8516480713450392 50.9901951359278485 50 42.426406871192853 36.0555127546398921 31.6227766016837926 30 30 30 30 30 31.6227766016837926 36.0555127546398921 42.426406871192853 50 50.9901951359278485 50 50.9901951359278485 53.8516480713450392 58.3095189484530039 63.2455532033675851 67.082039324993687 63.2455532033675851 60.8276253029821987 60 60.8276253029821987 63.2455532033675851
78.1024967590665398 82.4621125123532153 78.1024967590665398 72.1110255092797843 67.082039324993687 63.2455532033675851 60.8276253029821987 60 60 60 60 60.8276253029821987 63.2455532033675851 67.082039324993687 72.1110255092797843 78.1024967590665398 80.6225774829854913 80 80.6225774829854913 82.4621125123532153 78.1024967590665398 72.1110255092797843 67.082039324993687 63.2455532033675851 60.8276253029821987 56.568542494923804 50 44.7213595499957961 41.2310562561766076 40 40 40 40 40 41.2310562561766076 44.7213595499957961 50 56.568542494923804 60.8276253029821987 60 60.8276253029821987 63.2455532033675851 67.082039324993687 72.1110255092797843 76.1577310586390865 72.8010988928051859 70.7106781186547551 70 70.7106781186547551 67.082039324993687
70.7106781186547551 72.8010988928051859 70.7106781186547551 64.0312423743284853 58.3095189484530039 53.8516480713450392 50.9901951359278485 50 50 50 50 50.9901951359278485 53.8516480713450392 58.3095189484530039 64.0312423743284853 70.7106781186547551 78.1024967590665398 86.0232526704262739 90.553851381374173 92.1954445729288778 86.0232526704262739 80.6225774829854913 76.1577310586390865 72.8010988928051859 70.7106781186547551 64.0312423743284853 58.3095189484530039 53.8516480713450392 50.9901951359278485 50 50 50 50 50 50.9901951359278485 53.8516480713450392 58.3095189484530039 64.0312423743284853 70.7106781186547551 70 70.7106781186547551 72.8010988928051859 76.1577310586390865 80.6225774829854913 85.4400374531753073 82.4621125123532153 80.6225774829854913 80 80.6225774829854913 72.1110255092797843
60.8276253029821987 63.2455532033675851 64.0312423743284853 56.568542494923804 50 44.7213595499957961 41.2310562561766076 40 40 40 40 41.2310562561766076 44.7213595499957961 50 56.568542494923804 64.0312423743284853 72.1110255092797843 80.6225774829854913 89.4427190999915922 98.4885780179610464 94.3398113205660422 89.4427190999915922 85.4400374531753073 82.4621125123532153 78.1024967590665398 72.1110255092797843 67.082039324993687 63.2455532033675851 60.8276253029821987 60 60 60 60 60 60.8276253029821987 63.2455532033675851 67.082039324993687 72.1110255092797843 78.1024967590665398 80 80.6225774829854913 82.4621125123532153 85.4400374531753073 89.4427190999915922 94.3398113205660422 92.1954445729288778 90.553851381374173 90 86.0232526704262739 78.1024967590665398
50.9901951359278485 53.8516480713450392 58.3095189484530039 50 42.426406871192853 36.0555127546398921 31.6227766016837926 30 30 30 30 31.6227766016837926 36.0555127546398921 42.426406871192853 50 58.3095189484530039 67.082039324993687 76.1577310586390865 85.4400374531753073 94.8683298050513741 102.956301409870008 98.4885780179610464 94.8683298050513741 92.1954445729288778 86.0232526704262739 80.6225774829854913 76.1577310586390865 72.8010988928051859 70.7106781186547551 70 70 70 70 70 70.7106781186547551 72.8010988928051859 76.1577310586390865 80.6225774829854913 86.0232526704262739 90 90.553851381374173 92.1954445729288778 94.8683298050513741 98.4885780179610464 102.956301409870008 101.9803902718556969 100.4987562112088995 100 90.553851381374173 80.6225774829854913
41.2310562561766076 44.7213595499957961 50 44.7213595499957961 36.0555127546398921 28.284271247461902 22.3606797749978981 20 20 20 20 22.3606797749978981 28.284271247461902 36.0555127546398921 44.7213595499957961 53.8516480713450392 63.2455532033675851 72.8010988928051859 82.4621125123532153 92.1954445729288778 101.9803902718556969 107.7032961426900783 104.4030650891054961 100 94.3398113205660422 89.4427190999915922 85.4400374531753073 82.4621125123532153 80.6225774829854913 80 80 80 80 80 80.6225774829854913 82.4621125123532153 85.4400374531753073 89.4427190999915922 94.3398113205660422 100 100.4987562112088995 101.9803902718556969 104.4030650891054961 107.7032961426900783 111.8033988749894831 111.8033988749894831 107.7032961426900783 101.9803902718556969 92.1954445729288778 82.4621125123532153
