landscapes/exported_ascii_MS_HABMAT_SS_5HA_DIST/simulation_000071_p041_h036_HABMAT_ss_2_to_500pix_edge_dist_modified.asc
ncols         512
nrows         512
xllcorner     0
yllcorner     0
cellsize      10
NODATA_value  -99
[rows 360 to 379 of 512, columns 141 to 187 of 512]
342.3448553724737735 343.6568055487916808 345.253530032641379 347.1310991541956241 349.2849839314596352 351.7101079013795015 354.4009029333869876 357.3513677041127607 360.5551275463989214 364.0054944640259009 367.6955262170047263 371.6180835212409193 375.7658845611186962 380.1315561749642598 384.7076812334269107 389.4868418830089354 394.4616584663203867 399.6248240537616994 404.9691346263317655 410.4875150354758375 416.1730409336962566 422.0189569201838822 428.0186911806539456 434.1658669218481919 440.4543109109048373 446.8780594300865801 453.4313619501853623 460.108682813093651 466.9047011971500751 473.814309619285325 480.8326112068523344 487.9549159502340672 495.1767361255978699 502.4937810560444973 509.9019513592784847 517.3973328110611192 524.976189936267474 532.6349594234310416 540.3702434442518552 548.178802946629844 540 530 520 510 500 490 480
332.4154027718932412 333.7663853655727166 335.4101966249684779 337.3425558686599857 339.5585369269928719 342.0526275297414145 344.8187929913333392 347.8505426185217289 351.1409973215887703 354.6829570193639825 358.4689665786984278 362.4913792078371557 366.7424164178449928 371.214223865411725 375.8989225842500446 380.7886552931954043 385.8756276314947513 391.1521443121588959 396.6106403010388135 402.2437072223753489 408.0441152620633147 414.0048308896890035 420.1190307520000715 426.3801121065568509 432.7817001676480118 439.3176527297759435 445.9820624195551773 452.7692569068708508 459.6737973824481287 466.6904755831213834 473.814309619285325 481.0405388322277531 488.3646178829911833 495.7822102496215848 503.2891812864647818 510.8815909777920297 518.5556864985669563 526.3078946776306566 534.1348144429456397 542.0332093147061414 540 530 520 510 500 490 480
322.4903099319419653 323.8826948140329591 325.5764119219941222 327.5667870831840105 329.8484500494128611 332.4154027718932412 335.2610922848041923 338.378486313772612 341.7601498127012292 345.3983207834108953 349.2849839314596352 353.4119409414458346 357.7708763999663688 362.353418639868778 367.1511950137164035 372.1558813185678787 377.359245282264169 382.7531841800927737 388.3297567789520031 394.0812099047606125 400 406.0788100849390503 412.3105625617660621 418.6884283091664543 425.2058325093859708 431.8564576337836911 438.6342439892261496 445.5333881989092788 452.5483399593904323 459.6737973824481287 466.9047011971500751 474.2362280551750473 481.6637831516918027 489.1829923454003506 496.7896939349688523 504.4799302251775543 512.2499389946278825 520.0961449578337579 528.0151512977633956 536.0037313302958637 540.0925846556310717 530.0943312279429165 520.0961449578337579 510.0980297942739412 500.0999900019995152 490.1020301937138584 480.1041553663121704
312.5699921617556925 314.006369362151645 315.7530680769388596 317.8049716414140562 320.1562118716424266 322.8002478313794654 325.7299494980466079 328.9376840679705651 332.4154027718932412 336.1547262794322251 340.1470270338989508 344.3835071544513085 348.8552708502481323 353.5533905932737753 358.4689665786984278 363.5931792539568619 368.9173349139343259 374.4329045369810842 380.1315561749642598 386.0051813123756688 392.0459156782531522 398.246155034797539 404.5985664828781978 411.0960958218893211 417.7319714841084419 424.4997055358224998 431.3930922024597976 438.4062043356594813 445.5333881989092788 452.7692569068708508 460.108682813093651 467.5467891024383675 475.0789408087881043 482.7007354458867781 490.4079934095691442 498.1967482832460519 506.063237155199829 514.0038910358558724 522.0153254455275373 530.0943312279429165 538.2378656319156107 530.3772242470447509 520.3844732503074511 510.3920062069938126 500.3998401278721531 490.4079934095691442 480.4164859785725525
302.6549190084311363 304.1381265149109936 305.9411708155670908 308.0584360149872509 310.4834939252004915 313.2091952673164883 316.2277660168379612 319.5309061734091642 323.109888428070235 326.9556544854362983 331.0589071449369953 335.4101966249684779 340 344.8187929913333392 349.8571136907180517 355.1056180912940476 360.5551275463989214 366.1966684720110834 372.0215047547654876 378.0211634287159654 384.1874542459709119 390.5124837953327415 396.9886648255841806 403.6087214122113096 410.3656905736638123 417.2529209005012945 424.2640687119285303 431.3930922024597976 438.6342439892261496 445.9820624195551773 453.4313619501853623 460.977222864644375 468.614980554399267 476.3402145525821538 484.1487374764082006 492.0365840057017408 500 508.0354318352215159 516.1395160225575864 524.3090691567331305 532.5410782277739372 530.8483775994799316 520.8646657242167066 510.8815909777920297 500.8991914547277702 490.9175083453430943 480.936586256441899
292.7456233660889211 294.2787793912432335 296.1418578992169159 298.3286778035259772 300.8321791298264429 303.6445290137795041 306.7572330035593495 310.1612483854164566 313.8470965295043129 317.8049716414140562 322.0248437620923596 326.4965543462901678 331.2099032335838729 336.1547262794322251 341.3209633175202384 346.6987164671943447 352.2782990761707538 358.0502757993631349 364.0054944640259009 370.1351104664349236 376.4306044943742222 382.8837943815329368 389.4868418830089354 396.2322551231789589 403.1128874149274566 410.1219330881975793 417.2529209005012945 424.4997055358224998 431.8564576337836911 439.3176527297759435 446.8780594300865801 454.5327270945404621 462.2769732530488227 470.1063709417263112 478.0167361086848246 486.0041152089146408 494.0647730814250167 502.1951811795887579 510.3920062069938126 518.6520991955975433 526.972485050215937 531.5072906367324777 521.5361924162118612 511.566222497146498 501.5974481593780752 491.6299421312741629 481.6637831516918027
282.8427124746190202 284.4292530665578624 286.3564212655270467 288.6173937932362605 291.2043955712207435 294.1088233970548345 297.3213749463700992 300.8321791298264429 304.6309242345563462 308.7069808086626495 313.0495168499705301 317.6476034853718033 322.4903099319419653 327.5667870831840105 332.866339541864761 338.378486313772612 344.0930106817050955 350 356.089876295297131 362.353418639868778 368.7817782917155114 375.3664875824691762 382.0994634908560101 388.9730067755344862 395.9797974644666283 403.1128874149274566 410.3656905736638123 417.7319714841084419 425.2058325093859708 432.7817001676480118 440.4543109109048373 448.2186966202993972 456.0701700396551814 464.004310324807193 472.0169488482378597 480.1041553663121704 488.2622246293481112 496.4876634922563881 504.7771785649584899 513.1276644266999938 519.7114584074513459 524.7856705360770775 522.3983154643590296 512.4451190127582549 502.4937810560444973 492.5444142409900223 482.5971404805461589
272.9468812791236019 274.5906043549196056 276.5863337187865909 278.9265136196270873 281.6025568065744551 284.6049894151541366 287.9236009777593495 291.5475947422650052 295.4657340538831249 299.6664812754339664 304.1381265149109936 308.8689042296099956 313.8470965295043129 319.0611226708763297 324.4996147917590292 330.1514803843835466 336.0059523282288296 342.0526275297414145 348.2814953453599855 354.6829570193639825 361.2478373637688378 367.9673898594819548 374.8332962798262429 381.8376618407356773 388.9730067755344862 396.2322551231789589 403.6087214122113096 411.0960958218893211 418.6884283091664543 426.3801121065568509 434.1658669218481919 442.0407221060068537 450 458.0392996239514787 466.1544808322665858 474.3416490252569133 482.5971404805461589 490.9175083453430943 499.29950931279717 506.063237155199829 511.0772935672255244 516.2363799656122865 521.5361924162118612 513.5172830587107455 503.5871324805668792 493.6598018878993344 483.7354648979130047
263.0589287593181211 264.7640458974745457 266.8332812825266842 269.2582403567251959 272.0294101747088575 275.136329843952069 278.5677655436824125 282.3118842698621052 286.3564212655270467 290.6888370749726391 295.2964612046679918 300.1666203960726875 305.2867504494749369 310.6444913401813324 316.2277660168379612 322.0248437620923596 328.0243893371344939 334.2154993413680586 340.5877273185280387 347.1310991541956241 353.8361202590826338 360.6937759374286543 367.6955262170047263 374.8332962798262429 382.0994634908560101 389.4868418830089354 396.9886648255841806 404.5985664828781978 412.3105625617660621 420.1190307520000715 428.0186911806539456 436.0045871318328068 444.0720662234903671 452.2167621838005402 460.4345773288535497 468.7216658103185978 477.0744176750625343 485.4894437575342181 492.4428900898052461 497.3932046178355222 502.4937810560444973 507.7400909914441627 513.1276644266999938 514.7815070493500116 504.876222454573508 494.9747468305832854 485.0773134253961416
253.179778023443248 254.9509756796392423 257.0992026436488231 259.6150997149433692 262.488094968133737 265.706605111728436 269.2582403567251959 273.1300056749532814 277.3084924772409749 281.7800560721074135 286.5309756378880479 291.5475947422650052 296.8164415931166218 302.3243291566194557 308.0584360149872509 314.006369362151645 320.1562118716424266 326.4965543462901678 333.0165161069342616 339.7057550292605583 346.554469023269121 353.5533905932737753 360.6937759374286543 367.9673898594819548 375.3664875824691762 382.8837943815329368 390.5124837953327415 398.246155034797539 406.0788100849390503 414.0048308896890035 422.0189569201838822 430.116263352131341 438.2921400162225041 446.5422712353221186 454.8626166217663354 463.24939287601876 471.6990566028301828 478.8527957525151351 483.7354648979130047 488.7739763939974864 493.9635614091387765 499.29950931279717 504.7771785649584899 510.3920062069938126 506.359556046886496 496.4876634922563881 486.6210024238575897
243.3105012119287949 245.1530134426252516 247.3863375370596316 250 252.9822128134703405 256.3201123595259219 260 264.0075756488816978 268.3281572999747482 272.9468812791236019 277.8488797889961006 283.0194339616980983 288.4441020371191371 294.1088233970548345 300 306.104557300279339 312.4099870362661591 318.9043743820394639 325.5764119219941222 332.4154027718932412 339.4112549695428243 346.554469023269121 353.8361202590826338 361.2478373637688378 368.7817782917155114 376.4306044943742222 384.1874542459709119 392.0459156782531522 400 408.0441152620633147 416.1730409336962566 424.3819034784588666 432.6661530556787056 441.02154142399894 449.4441010848846645 457.9301256742124338 465.2956049652736397 470.1063709417263112 475.0789408087881043 480.2082881417187536 485.4894437575342181 490.9175083453430943 496.4876634922563881 502.1951811795887579 508.0354318352215159 498.1967482832460519 488.3646178829911833
233.4523505985750376 235.3720459187964025 237.6972864800942489 240.4163056034261672 243.5159132377184221 246.9817807045693883 250.7987240796890376 254.9509756796392423 259.422435421456953 264.1968962724581047 269.2582403567251959 274.5906043549196056 280.1785145224379789 286.0069929215018192 292.0616373302046895 298.3286778035259772 304.7950130825634005 311.4482300479487549 318.2766092567909482 325.2691193458118732 332.4154027718932412 339.7057550292605583 347.1310991541956241 354.6829570193639825 362.353418639868778 370.1351104664349236 378.0211634287159654 386.0051813123756688 394.0812099047606125 402.2437072223753489 410.4875150354758375 418.8078318274384628 427.2001872658765365 435.6604182158392859 444.1846462902561825 451.7742799230607034 456.5084884205330695 461.410879802373131 466.476151587624031 471.6990566028301828 477.0744176750625343 482.5971404805461589 488.2622246293481112 494.0647730814250167 500 500.0999900019995152 490.3060268852505033
223.6067977499789663 225.6102834535695649 228.0350850198275907 230.8679276123039017 234.0939982143925135 237.6972864800942489 241.6609194718914466 245.9674775249768572 250.5992817228333536 255.5386467836127622 260.7680962081059306 266.2705391138869686 272.0294101747088575 278.0287754891568852 284.2534080710378817 290.6888370749726391 297.3213749463700992 304.1381265149109936 311.1269837220809222 318.2766092567909482 325.5764119219941222 333.0165161069342616 340.5877273185280387 348.2814953453599855 356.089876295297131 364.0054944640259009 372.0215047547654876 380.1315561749642598 388.3297567789520031 396.6106403010388135 404.9691346263317655 413.4005321718877326 421.9004621945797453 430.4648650006176922 438.2921400162225041 442.944691807002016 447.772263544762211 452.7692569068708508 457.9301256742124338 463.24939287601876 468.7216658103185978 474.3416490252569133 480.1041553663121704 486.0041152089146408 492.0365840057017408 498.1967482832460519 492.4428900898052461
213.7755832643194935 215.8703314492290417 218.4032966784155576 221.3594362117865444 224.7220505424423322 228.4731931759172596 232.5940669922601387 237.0653918225939663 241.8677324489565024 246.9817807045693883 252.388589282479245 258.0697580112787932 264.0075756488816978 270.1851217221259276 276.5863337187865909 283.1960451701258989 290 296.9848480983499712 304.1381265149109936 311.4482300479487549 318.9043743820394639 326.4965543462901678 334.2154993413680586 342.0526275297414145 350 358.0502757993631349 366.1966684720110834 374.4329045369810842 382.7531841800927737 391.1521443121588959 399.6248240537616994 408.1666326391710413 416.7733196834941509 424.8529157249600416 429.4182110716777743 434.1658669218481919 439.0899680020029905 444.1846462902561825 449.4441010848846645 454.8626166217663354 460.4345773288535497 466.1544808322665858 472.0169488482378597 478.0167361086848246 484.1487374764082006 490.4079934095691442 494.7726750741192632
203.9607805437113939 206.1552812808830311 208.8061301782109922 211.896201004170905 215.4065922853801567 219.3171219946130748 223.6067977499789663 228.2542442102665348 233.2380757938120155 238.5372088375312671 244.1311123146740556 250 256.1249694973139412 262.488094968133737 269.0724809414742253 275.862284482674454 282.8427124746190202 290 297.3213749463700992 304.7950130825634005 312.4099870362661591 320.1562118716424266 328.0243893371344939 336.0059523282288296 344.0930106817050955 352.2782990761707538 360.5551275463989214 368.9173349139343259 377.359245282264169 385.8756276314947513 394.4616584663203867 403.1128874149274566 411.460812228819691 415.9326868617084187 420.5948168962618183 425.4409477236529256 430.4648650006176922 435.6604182158392859 441.02154142399894 446.5422712353221186 452.2167621838005402 458.0392996239514787 464.004310324807193 470.1063709417263112 476.3402145525821538 482.5971404805461589 488.2622246293481112
194.1648783894760015 196.4688270438849997 199.2485884517127488 202.4845673131658828 206.1552812808830311 210.23796041628637 214.7091055358388871 219.5449840010014952 224.7220505424423322 230.2172886644267749 236.0084744241189298 242.0743687382041003 248.3948469674844262 254.9509756796392423 261.7250465660480359 268.7005768508880692 275.862284482674454 283.1960451701258989 290.6888370749726391 298.3286778035259772 306.104557300279339 314.006369362151645 322.0248437620923596 330.1514803843835466 338.378486313772612 346.6987164671943447 355.1056180912940476 363.5931792539568619 372.1558813185678787 380.7886552931954043 389.4868418830089354 398.1205847478876763 402.4922359499621507 407.0626487409523975 411.825205639480032 416.7733196834941509 421.9004621945797453 427.2001872658765365 432.6661530556787056 438.2921400162225041 444.0720662234903671 450 456.0701700396551814 462.2769732530488227 468.614980554399267 474.3416490252569133 480.1041553663121704
184.3908891458577557 186.8154169226940553 189.7366596101027483 193.1320791582796517 196.9771560359220928 201.2461179749810753 205.912602819740016 210.9502310972898727 216.3330765278393528 222.0360331117451835 228.0350850198275907 234.3074902771996335 240.8318915758459013 247.5883680627989349 254.5584412271571182 261.7250465660480359 269.0724809414742253 276.5863337187865909 284.2534080710378817 292.0616373302046895 300 308.0584360149872509 316.2277660168379612 324.4996147917590292 332.866339541864761 341.3209633175202384 349.8571136907180517 358.4689665786984278 367.1511950137164035 375.8989225842500446 384.7076812334269107 389.1015291668743998 393.5733730830885406 398.246155034797539 403.1128874149274566 408.1666326391710413 413.4005321718877326 418.8078318274384628 424.3819034784588666 430.116263352131341 436.0045871318328068 442.0407221060068537 448.2186966202993972 454.5327270945404621 460.4345773288535497 466.1544808322665858 472.0169488482378597
174.6424919657298176 177.2004514666934938 180.2775637731994607 183.8477631085023631 187.8829422805593481 192.3538406167134553 197.2308292331601933 202.4845673131658828 208.0865204668481283 214.0093455903269728 220.2271554554524187 226.7156809750926811 233.4523505985750376 240.4163056034261672 247.5883680627989349 254.9509756796392423 262.488094968133737 270.1851217221259276 278.0287754891568852 286.0069929215018192 294.1088233970548345 302.3243291566194557 310.6444913401813324 319.0611226708763297 327.5667870831840105 336.1547262794322251 344.8187929913333392 353.5533905932737753 362.353418639868778 371.214223865411725 375.7658845611186962 380.1315561749642598 384.7076812334269107 389.4868418830089354 394.4616584663203867 399.6248240537616994 404.9691346263317655 410.4875150354758375 416.1730409336962566 422.0189569201838822 428.0186911806539456 434.1658669218481919 440.4543109109048373 446.5422712353221186 452.2167621838005402 458.0392996239514787 464.004310324807193
164.9242250247064305 167.6305461424020962 170.8800749063506146 174.6424919657298176 178.8854381999831844 183.5755975068582018 188.6796226411320845 194.1648783894760015 200 206.1552812808830311 212.6029162546929854 219.3171219946130748 226.2741699796952162 233.4523505985750376 240.8318915758459013 248.3948469674844262 256.1249694973139412 264.0075756488816978 272.0294101747088575 280.1785145224379789 288.4441020371191371 296.8164415931166218 305.2867504494749369 313.8470965295043129 322.4903099319419653 331.2099032335838729 340 348.8552708502481323 357.7708763999663688 362.353418639868778 366.7424164178449928 371.214223865411725 375.8989225842500446 380.7886552931954043 385.8756276314947513 391.1521443121588959 396.6106403010388135 402.2437072223753489 408.0441152620633147 414.0048308896890035 420.1190307520000715 426.3801121065568509 432.6661530556787056 438.2921400162225041 444.0720662234903671 450 456.0701700396551814
155.2417469626002458 158.1138830084189806 161.5549442140351175 165.5294535724684977 170 174.9285568453590258 180.2775637731994607 186.0107523773827438 192.0937271229854559 198.4943324127920903 205.1828452868319062 212.1320343559642652 219.3171219946130748 226.7156809750926811 234.3074902771996335 242.0743687382041003 250 258.0697580112787932 266.2705391138869686 274.5906043549196056 283.0194339616980983 291.5475947422650052 300.1666203960726875 308.8689042296099956 317.6476034853718033 326.4965543462901678 335.4101966249684779 344.3835071544513085 348.8552708502481323 353.4119409414458346 357.7708763999663688 362.353418639868778 367.1511950137164035 372.1558813185678787 377.359245282264169 382.7531841800927737 388.3297567789520031 394.0812099047606125 400 406.0788100849390503 412.3105625617660621 418.6884283091664543 424.3819034784588666 430.116263352131341 436.0045871318328068 442.0407221060068537 448.2186966202993972
