landscapes/exported_ascii_MS_HABMAT_SS_5HA_DIST/simulation_000013_p020_h042_HABMAT_ss_2_to_500pix_edge_dist_modified.asc
ncols         512
nrows         512
xllcorner     0
yllcorner     0
cellsize      10
NODATA_value  -99
[rows 105 to 125 of 512, columns 0 to 47 of 512]
90.553851381374173 80.6225774829854913 70.7106781186547551 60.8276253029821987 50.9901951359278485 41.2310562561766076 31.6227766016837926 22.3606797749978981 14.142135623730951 10 10 14.142135623730951 22.3606797749978981 31.6227766016837926 41.2310562561766076 50.9901951359278485 60.8276253029821987 70.7106781186547551 80.6225774829854913 86.0232526704262739 92.1954445729288778 90.553851381374173 90 90.553851381374173 92.1954445729288778 94.8683298050513741 98.4885780179610464 102.956301409870008 108.1665382639196764 110.4536101718726115 100.4987562112088995 90.553851381374173 80.6225774829854913 70.7106781186547551 60.8276253029821987 50.9901951359278485 41.2310562561766076 31.6227766016837926 22.3606797749978981 14.142135623730951 10 10 14.142135623730951 22.3606797749978981 31.6227766016837926 41.2310562561766076 50.9901951359278485 60.8276253029821987
90 80 70 60 50 40 30 20 10 -10 -10 10 20 30 40 50 60 70 80 85.4400374531753073 82.4621125123532153 80.6225774829854913 80 80.6225774829854913 82.4621125123532153 85.4400374531753073 89.4427190999915922 94.3398113205660422 100 106.3014581273464927 100 90 80 70 60 50 40 30 20 10 -10 -10 10 20 30 40 50 60
90.553851381374173 80.6225774829854913 70.7106781186547551 60.8276253029821987 50.9901951359278485 41.2310562561766076 31.6227766016837926 22.3606797749978981 14.142135623730951 10 -10 10 20 30 40 50 60 70 80 76.1577310586390865 72.8010988928051859 70.7106781186547551 70 70.7106781186547551 72.8010988928051859 76.1577310586390865 80.6225774829854913 86.0232526704262739 92.1954445729288778 98.9949493661166571 100 90 80 70 60 50 40 30 20 10 -10 10 14.142135623730951 22.3606797749978981 31.6227766016837926 41.2310562561766076 50.9901951359278485 60.8276253029821987
92.1954445729288778 82.4621125123532153 72.8010988928051859 63.2455532033675851 53.8516480713450392 44.7213595499957961 36.0555127546398921 28.284271247461902 22.3606797749978981 14.142135623730951 10 14.142135623730951 22.3606797749978981 31.6227766016837926 41.2310562561766076 50.9901951359278485 60.8276253029821987 70.7106781186547551 72.1110255092797843 67.082039324993687 63.2455532033675851 60.8276253029821987 60 60.8276253029821987 63.2455532033675851 67.082039324993687 72.1110255092797843 78.1024967590665398 84.8528137423857061 92.1954445729288778 98.9949493661166571 90 80 70 60 50 40 30 20 10 -10 -10 10 20 30 40 50 60
94.8683298050513741 85.4400374531753073 76.1577310586390865 67.082039324993687 58.3095189484530039 50 42.426406871192853 36.0555127546398921 28.284271247461902 22.3606797749978981 20 22.3606797749978981 28.284271247461902 36.0555127546398921 44.7213595499957961 53.8516480713450392 63.2455532033675851 70.7106781186547551 64.0312423743284853 58.3095189484530039 53.8516480713450392 50.9901951359278485 50 50.9901951359278485 53.8516480713450392 58.3095189484530039 64.0312423743284853 70.7106781186547551 78.1024967590665398 84.8528137423857061 92.1954445729288778 90.553851381374173 80.6225774829854913 70.7106781186547551 60.8276253029821987 50.9901951359278485 41.2310562561766076 31.6227766016837926 22.3606797749978981 14.142135623730951 10 10 14.142135623730951 22.3606797749978981 31.6227766016837926 41.2310562561766076 50.9901951359278485 60.8276253029821987
89.4427190999915922 85.4400374531753073 80.6225774829854913 72.1110255092797843 64.0312423743284853 56.568542494923804 50 42.426406871192853 36.0555127546398921 31.6227766016837926 30 31.6227766016837926 36.0555127546398921 42.426406871192853 50 58.3095189484530039 67.082039324993687 64.0312423743284853 56.568542494923804 50 44.7213595499957961 41.2310562561766076 40 41.2310562561766076 44.7213595499957961 50 56.568542494923804 64.0312423743284853 70.7106781186547551 78.1024967590665398 86.0232526704262739 92.1954445729288778 82.4621125123532153 72.8010988928051859 63.2455532033675851 53.8516480713450392 44.7213595499957961 36.0555127546398921 28.284271247461902 22.3606797749978981 20 20 22.3606797749978981 28.284271247461902 36.0555127546398921 44.7213595499957961 53.8516480713450392 63.2455532033675851
80.6225774829854913 76.1577310586390865 72.8010988928051859 70.7106781186547551 70 64.0312423743284853 56.568542494923804 50 44.7213595499957961 41.2310562561766076 40 41.2310562561766076 44.7213595499957961 50 56.568542494923804 64.0312423743284853 67.082039324993687 58.3095189484530039 50 42.426406871192853 36.0555127546398921 31.6227766016837926 30 31.6227766016837926 36.0555127546398921 42.426406871192853 50 56.568542494923804 64.0312423743284853 72.1110255092797843 80.6225774829854913 89.4427190999915922 85.4400374531753073 76.1577310586390865 67.082039324993687 58.3095189484530039 50 42.426406871192853 36.0555127546398921 31.6227766016837926 30 30 31.6227766016837926 36.0555127546398921 42.426406871192853 50 58.3095189484530039 67.082039324993687
72.1110255092797843 67.082039324993687 63.2455532033675851 60.8276253029821987 60 60.8276253029821987 60 58.3095189484530039 53.8516480713450392 50.9901951359278485 50 50.9901951359278485 53.8516480713450392 58.3095189484530039 64.0312423743284853 70.7106781186547551 63.2455532033675851 53.8516480713450392 44.7213595499957961 36.0555127546398921 28.284271247461902 22.3606797749978981 20 22.3606797749978981 28.284271247461902 36.0555127546398921 42.426406871192853 50 58.3095189484530039 67.082039324993687 76.1577310586390865 80.6225774829854913 76.1577310586390865 72.8010988928051859 70.7106781186547551 64.0312423743284853 56.568542494923804 50 44.7213595499957961 41.2310562561766076 40 40 41.2310562561766076 44.7213595499957961 50 56.568542494923804 64.0312423743284853 72.1110255092797843
64.0312423743284853 58.3095189484530039 53.8516480713450392 50.9901951359278485 50 50.9901951359278485 50 50.9901951359278485 53.8516480713450392 58.3095189484530039 60 60.8276253029821987 63.2455532033675851 67.082039324993687 72.1110255092797843 70.7106781186547551 60.8276253029821987 50.9901951359278485 41.2310562561766076 31.6227766016837926 22.3606797749978981 14.142135623730951 10 14.142135623730951 22.3606797749978981 28.284271247461902 36.0555127546398921 44.7213595499957961 53.8516480713450392 63.2455532033675851 70 70.7106781186547551 67.082039324993687 63.2455532033675851 60.8276253029821987 60 60.8276253029821987 58.3095189484530039 53.8516480713450392 50.9901951359278485 50 50 50.9901951359278485 53.8516480713450392 58.3095189484530039 64.0312423743284853 70.7106781186547551 78.1024967590665398
56.568542494923804 50 44.7213595499957961 41.2310562561766076 40 41.2310562561766076 40 41.2310562561766076 44.7213595499957961 50 56.568542494923804 64.0312423743284853 72.1110255092797843 76.1577310586390865 80 70 60 50 40 30 20 10 -10 10 14.142135623730951 22.3606797749978981 31.6227766016837926 41.2310562561766076 50.9901951359278485 60 60 60.8276253029821987 58.3095189484530039 53.8516480713450392 50.9901951359278485 50 50.9901951359278485 53.8516480713450392 58.3095189484530039 60.8276253029821987 60 60 60.8276253029821987 63.2455532033675851 67.082039324993687 72.1110255092797843 78.1024967590665398 84.8528137423857061
50 42.426406871192853 36.0555127546398921 31.6227766016837926 30 31.6227766016837926 30 31.6227766016837926 36.0555127546398921 42.426406871192853 50 58.3095189484530039 67.082039324993687 76.1577310586390865 80 70 60 50 40 30 20 10 -10 -10 10 20 30 40 50 50 50 50.9901951359278485 50 44.7213595499957961 41.2310562561766076 40 41.2310562561766076 44.7213595499957961 50 56.568542494923804 64.0312423743284853 70 70.7106781186547551 72.8010988928051859 76.1577310586390865 80.6225774829854913 86.0232526704262739 92.1954445729288778
44.7213595499957961 36.0555127546398921 28.284271247461902 22.3606797749978981 20 22.3606797749978981 20 22.3606797749978981 28.284271247461902 36.0555127546398921 44.7213595499957961 53.8516480713450392 63.2455532033675851 72.8010988928051859 80.6225774829854913 70.7106781186547551 60.8276253029821987 50.9901951359278485 41.2310562561766076 31.6227766016837926 22.3606797749978981 14.142135623730951 10 10 14.142135623730951 22.3606797749978981 31.6227766016837926 41.2310562561766076 40 40 40 41.2310562561766076 40 36.0555127546398921 31.6227766016837926 30 31.6227766016837926 36.0555127546398921 42.426406871192853 50 58.3095189484530039 67.082039324993687 76.1577310586390865 82.4621125123532153 85.4400374531753073 89.4427190999915922 94.3398113205660422 100
41.2310562561766076 31.6227766016837926 22.3606797749978981 14.142135623730951 10 14.142135623730951 10 14.142135623730951 22.3606797749978981 31.6227766016837926 41.2310562561766076 50.9901951359278485 60.8276253029821987 70.7106781186547551 76.1577310586390865 72.1110255092797843 63.2455532033675851 53.8516480713450392 44.7213595499957961 36.0555127546398921 28.284271247461902 22.3606797749978981 20 20 22.3606797749978981 28.284271247461902 36.0555127546398921 31.6227766016837926 30 30 30 31.6227766016837926 30 28.284271247461902 22.3606797749978981 20 22.3606797749978981 28.284271247461902 36.0555127546398921 44.7213595499957961 53.8516480713450392 63.2455532033675851 72.8010988928051859 76.1577310586390865 80.6225774829854913 86.0232526704262739 92.1954445729288778 98.9949493661166571
40 30 20 10 -10 10 -10 10 20 30 40 50 60 70 67.082039324993687 63.2455532033675851 58.3095189484530039 53.8516480713450392 50 42.426406871192853 36.0555127546398921 31.6227766016837926 30 30 31.6227766016837926 36.0555127546398921 28.284271247461902 22.3606797749978981 20 20 20 22.3606797749978981 20 22.3606797749978981 14.142135623730951 10 14.142135623730951 22.3606797749978981 31.6227766016837926 41.2310562561766076 50.9901951359278485 60.8276253029821987 63.2455532033675851 67.082039324993687 72.1110255092797843 78.1024967590665398 84.8528137423857061 92.1954445729288778
41.2310562561766076 31.6227766016837926 22.3606797749978981 14.142135623730951 10 -10 -10 10 20 30 40 50 60 60 58.3095189484530039 53.8516480713450392 50 44.7213595499957961 41.2310562561766076 40 40 40 40 40 41.2310562561766076 31.6227766016837926 22.3606797749978981 14.142135623730951 10 10 10 14.142135623730951 10 14.142135623730951 10 -10 10 20 30 40 50 50.9901951359278485 53.8516480713450392 58.3095189484530039 64.0312423743284853 70.7106781186547551 78.1024967590665398 86.0232526704262739
44.7213595499957961 36.0555127546398921 28.284271247461902 22.3606797749978981 14.142135623730951 10 10 14.142135623730951 22.3606797749978981 31.6227766016837926 41.2310562561766076 50.9901951359278485 50.9901951359278485 50 50 44.7213595499957961 41.2310562561766076 36.0555127546398921 31.6227766016837926 30 30 30 31.6227766016837926 36.0555127546398921 40 30 20 10 -10 -10 -10 10 -10 10 -10 -10 10 20 30 40 40 41.2310562561766076 44.7213595499957961 50 56.568542494923804 64.0312423743284853 72.1110255092797843 80.6225774829854913
50 42.426406871192853 36.0555127546398921 28.284271247461902 22.3606797749978981 20 20 22.3606797749978981 28.284271247461902 36.0555127546398921 44.7213595499957961 44.7213595499957961 41.2310562561766076 40 40 36.0555127546398921 31.6227766016837926 28.284271247461902 22.3606797749978981 20 20 20 22.3606797749978981 28.284271247461902 36.0555127546398921 31.6227766016837926 22.3606797749978981 14.142135623730951 10 10 10 14.142135623730951 10 -10 10 10 14.142135623730951 22.3606797749978981 28.284271247461902 31.6227766016837926 30 31.6227766016837926 36.0555127546398921 42.426406871192853 50 58.3095189484530039 67.082039324993687 76.1577310586390865
56.568542494923804 50 42.426406871192853 36.0555127546398921 31.6227766016837926 30 30 31.6227766016837926 36.0555127546398921 42.426406871192853 42.426406871192853 36.0555127546398921 31.6227766016837926 30 30 28.284271247461902 22.3606797749978981 20 14.142135623730951 10 10 10 14.142135623730951 22.3606797749978981 31.6227766016837926 36.0555127546398921 28.284271247461902 22.3606797749978981 20 20 20 10 -10 10 14.142135623730951 14.142135623730951 10 14.142135623730951 22.3606797749978981 22.3606797749978981 20 22.3606797749978981 28.284271247461902 36.0555127546398921 44.7213595499957961 53.8516480713450392 63.2455532033675851 72.8010988928051859
64.0312423743284853 56.568542494923804 50 44.7213595499957961 41.2310562561766076 40 40 41.2310562561766076 44.7213595499957961 44.7213595499957961 36.0555127546398921 28.284271247461902 22.3606797749978981 20 20 20 14.142135623730951 10 10 -10 -10 -10 10 20 30 40 36.0555127546398921 31.6227766016837926 30 30 22.3606797749978981 14.142135623730951 10 14.142135623730951 20 10 -10 10 14.142135623730951 14.142135623730951 10 14.142135623730951 22.3606797749978981 31.6227766016837926 41.2310562561766076 50.9901951359278485 60.8276253029821987 70.7106781186547551
56.568542494923804 50 44.7213595499957961 41.2310562561766076 40 40 41.2310562561766076 40 40 41.2310562561766076 31.6227766016837926 22.3606797749978981 14.142135623730951 10 10 10 10 -10 10 10 10 10 14.142135623730951 22.3606797749978981 31.6227766016837926 36.0555127546398921 28.284271247461902 22.3606797749978981 20 22.3606797749978981 28.284271247461902 22.3606797749978981 20 14.142135623730951 10 10 -10 -10 10 10 -10 10 20 30 40 50 60 70
50 42.426406871192853 36.0555127546398921 31.6227766016837926 30 30 31.6227766016837926 30 30 31.6227766016837926 30 20 10 -10 -10 -10 -10 -10 10 20 20 20 22.3606797749978981 28.284271247461902 36.0555127546398921 31.6227766016837926 22.3606797749978981 14.142135623730951 10 14.142135623730951 20 20 20 10 -10 -10 -10 10 14.142135623730951 10 -10 10 20 30 40 50 60 70
