landscapes/exported_ascii_MS_HABMAT_SS_5HA_DIST/simulation_000013_p020_h042_HABMAT_ss_2_to_500pix_edge_dist_modified.asc
ncols         512
nrows         512
xllcorner     0
yllcorner     0
cellsize      10
NODATA_value  -99
[rows 441 to 461 of 512, columns 336 to 383 of 512]
140.3566884761820006 140 140.3566884761820006 141.4213562373095101 143.1782106327635233 145.6021977856103717 148.6606874731850496 152.3154621172781731 150 140 130 120 110 100 90 80 70 60 50 40 30 20 10 -10 10 14.142135623730951 22.3606797749978981 31.6227766016837926 41.2310562561766076 50.9901951359278485 60.8276253029821987 70.7106781186547551 80.6225774829854913 90.553851381374173 98.9949493661166571 92.1954445729288778 86.0232526704262739 80.6225774829854913 76.1577310586390865 72.8010988928051859 70.7106781186547551 70 70 70.7106781186547551 72.8010988928051859 76.1577310586390865 80.6225774829854913 86.0232526704262739
150.3329637837290704 150 150.3329637837290704 151.3274595042155681 152.9705854077835454 155.2417469626002458 158.1138830084189806 160 150 140 130 120 110 100 90 80 70 60 50 40 30 20 10 -10 -10 10 20 30 40 50 60 70 80 90 100 100 94.3398113205660422 89.4427190999915922 85.4400374531753073 82.4621125123532153 80.6225774829854913 80 80 80.6225774829854913 82.4621125123532153 85.4400374531753073 89.4427190999915922 94.3398113205660422
160.3121954188139853 160 160.3121954188139853 161.2451549659709826 162.7882059609970611 164.9242250247064305 167.6305461424020962 160.3121954188139853 150.3329637837290704 140.3566884761820006 130.3840481040529653 120.4159457879229507 110.4536101718726115 100.4987562112088995 90.553851381374173 80.6225774829854913 70.7106781186547551 60.8276253029821987 50.9901951359278485 41.2310562561766076 31.6227766016837926 22.3606797749978981 14.142135623730951 10 10 14.142135623730951 22.3606797749978981 31.6227766016837926 41.2310562561766076 50.9901951359278485 60.8276253029821987 70.7106781186547551 80.6225774829854913 90.553851381374173 100.4987562112088995 108.1665382639196764 102.956301409870008 98.4885780179610464 94.8683298050513741 92.1954445729288778 90.553851381374173 90 90 90.553851381374173 92.1954445729288778 94.8683298050513741 98.4885780179610464 102.956301409870008
170.2938636592640194 170 170.2938636592640194 171.1724276862368868 172.6267650163206895 174.6424919657298176 171.1724276862368868 161.2451549659709826 151.3274595042155681 141.4213562373095101 131.5294643796590606 121.6552506059643974 111.8033988749894831 101.9803902718556969 92.1954445729288778 82.4621125123532153 72.8010988928051859 63.2455532033675851 53.8516480713450392 44.7213595499957961 36.0555127546398921 28.284271247461902 22.3606797749978981 20 20 22.3606797749978981 28.284271247461902 36.0555127546398921 44.7213595499957961 53.8516480713450392 63.2455532033675851 72.8010988928051859 82.4621125123532153 92.1954445729288778 101.9803902718556969 111.8033988749894831 111.8033988749894831 107.7032961426900783 104.4030650891054961 101.9803902718556969 100.4987562112088995 100 100 100.4987562112088995 101.9803902718556969 104.4030650891054961 107.7032961426900783 111.8033988749894831
180.2775637731994607 180 180.2775637731994607 181.107702762748346 182.4828759089465962 182.4828759089465962 172.6267650163206895 162.7882059609970611 152.9705854077835454 143.1782106327635233 133.4166406412633421 123.6931687685298158 114.0175425099137954 104.4030650891054961 94.8683298050513741 85.4400374531753073 76.1577310586390865 67.082039324993687 58.3095189484530039 50 42.426406871192853 36.0555127546398921 31.6227766016837926 30 30 31.6227766016837926 36.0555127546398921 42.426406871192853 50 58.3095189484530039 67.082039324993687 76.1577310586390865 85.4400374531753073 94.8683298050513741 104.4030650891054961 114.0175425099137954 120.8304597359457233 117.0469991071962568 114.0175425099137954 111.8033988749894831 110.4536101718726115 110 110 110.4536101718726115 111.8033988749894831 114.0175425099137954 117.0469991071962568 120.8304597359457233
190.2629759044044704 190 190.2629759044044704 191.0497317454280051 192.3538406167134553 184.3908891458577557 174.6424919657298176 164.9242250247064305 155.2417469626002458 145.6021977856103717 136.0147050873544288 126.4911064067351703 117.0469991071962568 107.7032961426900783 98.4885780179610464 89.4427190999915922 80.6225774829854913 72.1110255092797843 64.0312423743284853 56.568542494923804 50 44.7213595499957961 41.2310562561766076 40 40 41.2310562561766076 44.7213595499957961 50 56.568542494923804 64.0312423743284853 72.1110255092797843 80.6225774829854913 89.4427190999915922 98.4885780179610464 107.7032961426900783 117.0469991071962568 126.4911064067351703 126.4911064067351703 123.6931687685298158 121.6552506059643974 120.4159457879229507 120 120 120.4159457879229507 121.6552506059643974 123.6931687685298158 126.4911064067351703 130
200.2498439450078536 200 200.2498439450078536 200.9975124224177989 196.4688270438849997 186.8154169226940553 177.2004514666934938 167.6305461424020962 158.1138830084189806 148.6606874731850496 139.2838827718412062 130 120.8304597359457233 111.8033988749894831 102.956301409870008 94.3398113205660422 86.0232526704262739 78.1024967590665398 70.7106781186547551 64.0312423743284853 58.3095189484530039 53.8516480713450392 50.9901951359278485 50 50 50.9901951359278485 53.8516480713450392 58.3095189484530039 64.0312423743284853 70.7106781186547551 78.1024967590665398 86.0232526704262739 94.3398113205660422 102.956301409870008 111.8033988749894831 120.8304597359457233 130 136.0147050873544288 133.4166406412633421 131.5294643796590606 130.3840481040529653 130 130 130.3840481040529653 131.5294643796590606 133.4166406412633421 136.0147050873544288 139.2838827718412062
210.23796041628637 210 210.23796041628637 208.8061301782109922 199.2485884517127488 189.7366596101027483 180.2775637731994607 170.8800749063506146 161.5549442140351175 152.3154621172781731 143.1782106327635233 134.1640786499873741 125.2996408614166768 116.6190378969060077 108.1665382639196764 100 92.1954445729288778 84.8528137423857061 78.1024967590665398 72.1110255092797843 67.082039324993687 63.2455532033675851 60.8276253029821987 60 60 60.8276253029821987 63.2455532033675851 67.082039324993687 72.1110255092797843 78.1024967590665398 84.8528137423857061 92.1954445729288778 100 108.1665382639196764 116.6190378969060077 125.2996408614166768 134.1640786499873741 143.1782106327635233 143.1782106327635233 141.4213562373095101 140.3566884761820006 140 140 140.3566884761820006 141.4213562373095101 143.1782106327635233 145.6021977856103717 148.6606874731850496
220.2271554554524187 220 220.2271554554524187 211.896201004170905 202.4845673131658828 193.1320791582796517 183.8477631085023631 174.6424919657298176 165.5294535724684977 156.524758424985265 147.6482306023339959 138.9244398944980503 130.3840481040529653 122.0655561573370278 114.0175425099137954 106.3014581273464927 98.9949493661166571 92.1954445729288778 86.0232526704262739 80.6225774829854913 76.1577310586390865 72.8010988928051859 70.7106781186547551 70 70 70.7106781186547551 72.8010988928051859 76.1577310586390865 80.6225774829854913 86.0232526704262739 92.1954445729288778 98.9949493661166571 106.3014581273464927 114.0175425099137954 122.0655561573370278 130.3840481040529653 138.9244398944980503 147.6482306023339959 152.9705854077835454 151.3274595042155681 150.3329637837290704 150 150 150.3329637837290704 151.3274595042155681 152.9705854077835454 155.2417469626002458 158.1138830084189806
230.2172886644267749 230 224.7220505424423322 215.4065922853801567 206.1552812808830311 196.9771560359220928 187.8829422805593481 178.8854381999831844 170 161.2451549659709826 152.6433752247374684 144.2220510185595685 136.0147050873544288 128.0624847486569706 120.4159457879229507 113.1370849898476081 106.3014581273464927 100 94.3398113205660422 89.4427190999915922 85.4400374531753073 82.4621125123532153 80.6225774829854913 80 80 80.6225774829854913 82.4621125123532153 85.4400374531753073 89.4427190999915922 94.3398113205660422 100 106.3014581273464927 113.1370849898476081 120.4159457879229507 128.0624847486569706 136.0147050873544288 144.2220510185595685 152.6433752247374684 161.2451549659709826 161.2451549659709826 160.3121954188139853 160 160 160.3121954188139853 161.2451549659709826 162.7882059609970611 164.9242250247064305 167.6305461424020962
240.2082429892862763 237.6972864800942489 228.4731931759172596 219.3171219946130748 210.23796041628637 201.2461179749810753 192.3538406167134553 183.5755975068582018 174.9285568453590258 166.4331697709323805 158.1138830084189806 150 142.1267040355189408 134.5362404707371127 127.2792206135785591 120.4159457879229507 114.0175425099137954 108.1665382639196764 102.956301409870008 98.4885780179610464 94.8683298050513741 92.1954445729288778 90.553851381374173 90 90 90.553851381374173 92.1954445729288778 94.8683298050513741 98.4885780179610464 102.956301409870008 108.1665382639196764 114.0175425099137954 120.4159457879229507 127.2792206135785591 134.5362404707371127 142.1267040355189408 150 158.1138830084189806 166.4331697709323805 171.1724276862368868 170.2938636592640194 170 170 170.2938636592640194 171.1724276862368868 172.6267650163206895 174.6424919657298176 177.2004514666934938
250.1999200639360765 241.6609194718914466 232.5940669922601387 223.6067977499789663 214.7091055358388871 205.912602819740016 197.2308292331601933 188.6796226411320845 180.2775637731994607 172.0465053408525478 164.0121946685672469 156.2049935181330795 148.6606874731850496 141.4213562373095101 134.5362404707371127 128.0624847486569706 122.0655561573370278 116.6190378969060077 111.8033988749894831 107.7032961426900783 104.4030650891054961 101.9803902718556969 100.4987562112088995 100 100 100.4987562112088995 101.9803902718556969 104.4030650891054961 107.7032961426900783 111.8033988749894831 116.6190378969060077 122.0655561573370278 128.0624847486569706 134.5362404707371127 141.4213562373095101 148.6606874731850496 156.2049935181330795 164.0121946685672469 172.0465053408525478 180.2775637731994607 180.2775637731994607 180 180 180.2775637731994607 181.107702762748346 182.4828759089465962 184.3908891458577557 186.8154169226940553
254.9509756796392423 245.9674775249768572 237.0653918225939663 228.2542442102665348 219.5449840010014952 210.9502310972898727 202.4845673131658828 194.1648783894760015 186.0107523773827438 178.0449381476485655 170.2938636592640194 162.7882059609970611 155.5634918610404611 148.6606874731850496 142.1267040355189408 136.0147050873544288 130.3840481040529653 125.2996408614166768 120.8304597359457233 117.0469991071962568 114.0175425099137954 111.8033988749894831 110.4536101718726115 110 110 110.4536101718726115 111.8033988749894831 114.0175425099137954 117.0469991071962568 120.8304597359457233 125.2996408614166768 130.3840481040529653 136.0147050873544288 142.1267040355189408 148.6606874731850496 155.5634918610404611 162.7882059609970611 170.2938636592640194 178.0449381476485655 186.0107523773827438 190.2629759044044704 190 190 190.2629759044044704 191.0497317454280051 192.3538406167134553 194.1648783894760015 196.4688270438849997
259.422435421456953 250.5992817228333536 241.8677324489565024 233.2380757938120155 224.7220505424423322 216.3330765278393528 208.0865204668481283 200 192.0937271229854559 184.3908891458577557 176.9180601295413169 169.7056274847714121 162.7882059609970611 156.2049935181330795 150 144.2220510185595685 138.9244398944980503 134.1640786499873741 130 126.4911064067351703 123.6931687685298158 121.6552506059643974 120.4159457879229507 120 120 120.4159457879229507 121.6552506059643974 123.6931687685298158 126.4911064067351703 130 134.1640786499873741 138.9244398944980503 144.2220510185595685 150 156.2049935181330795 162.7882059609970611 169.7056274847714121 176.9180601295413169 184.3908891458577557 192.0937271229854559 200 200 200 200.2498439450078536 200.9975124224177989 202.2374841615668402 203.9607805437113939 206.1552812808830311
264.1968962724581047 255.5386467836127622 246.9817807045693883 238.5372088375312671 230.2172886644267749 222.0360331117451835 214.0093455903269728 206.1552812808830311 198.4943324127920903 191.0497317454280051 183.8477631085023631 176.9180601295413169 170.2938636592640194 164.0121946685672469 158.1138830084189806 152.6433752247374684 147.6482306023339959 143.1782106327635233 139.2838827718412062 136.0147050873544288 133.4166406412633421 131.5294643796590606 130.3840481040529653 130 130 130.3840481040529653 131.5294643796590606 133.4166406412633421 136.0147050873544288 139.2838827718412062 143.1782106327635233 147.6482306023339959 152.6433752247374684 158.1138830084189806 164.0121946685672469 170.2938636592640194 176.9180601295413169 183.8477631085023631 191.0497317454280051 198.4943324127920903 206.1552812808830311 210 210 210.23796041628637 210.9502310972898727 212.1320343559642652 213.7755832643194935 215.8703314492290417
269.2582403567251959 260.7680962081059306 252.388589282479245 244.1311123146740556 236.0084744241189298 228.0350850198275907 220.2271554554524187 212.6029162546929854 205.1828452868319062 197.9898987322333141 191.0497317454280051 184.3908891458577557 178.0449381476485655 172.0465053408525478 166.4331697709323805 161.2451549659709826 156.524758424985265 152.3154621172781731 148.6606874731850496 145.6021977856103717 143.1782106327635233 141.4213562373095101 140.3566884761820006 140 140 140.3566884761820006 141.4213562373095101 143.1782106327635233 145.6021977856103717 148.6606874731850496 152.3154621172781731 156.524758424985265 161.2451549659709826 166.4331697709323805 172.0465053408525478 178.0449381476485655 184.3908891458577557 191.0497317454280051 197.9898987322333141 205.1828452868319062 212.6029162546929854 220 220 220.2271554554524187 220.9072203437452231 222.0360331117451835 223.6067977499789663 225.6102834535695649
274.5906043549196056 266.2705391138869686 258.0697580112787932 250 242.0743687382041003 234.3074902771996335 226.7156809750926811 219.3171219946130748 212.1320343559642652 205.1828452868319062 198.4943324127920903 192.0937271229854559 186.0107523773827438 180.2775637731994607 174.9285568453590258 170 165.5294535724684977 161.5549442140351175 158.1138830084189806 155.2417469626002458 152.9705854077835454 151.3274595042155681 150.3329637837290704 150 150 150.3329637837290704 151.3274595042155681 152.9705854077835454 155.2417469626002458 158.1138830084189806 161.5549442140351175 165.5294535724684977 170 174.9285568453590258 180.2775637731994607 186.0107523773827438 192.0937271229854559 198.4943324127920903 205.1828452868319062 212.1320343559642652 219.3171219946130748 226.7156809750926811 230 230.2172886644267749 230.8679276123039017 231.9482700948640286 233.4523505985750376 235.3720459187964025
280.1785145224379789 272.0294101747088575 264.0075756488816978 256.1249694973139412 248.3948469674844262 240.8318915758459013 233.4523505985750376 226.2741699796952162 219.3171219946130748 212.6029162546929854 206.1552812808830311 200 194.1648783894760015 188.6796226411320845 183.5755975068582018 178.8854381999831844 174.6424919657298176 170.8800749063506146 167.6305461424020962 164.9242250247064305 162.7882059609970611 161.2451549659709826 160.3121954188139853 160 160 160.3121954188139853 161.2451549659709826 162.7882059609970611 164.9242250247064305 167.6305461424020962 170.8800749063506146 174.6424919657298176 178.8854381999831844 183.5755975068582018 188.6796226411320845 194.1648783894760015 200 206.1552812808830311 212.6029162546929854 219.3171219946130748 226.2741699796952162 233.4523505985750376 240 240.2082429892862763 240.8318915758459013 241.8677324489565024 243.3105012119287949 245.1530134426252516
286.0069929215018192 278.0287754891568852 270.1851217221259276 262.488094968133737 254.9509756796392423 247.5883680627989349 240.4163056034261672 233.4523505985750376 226.7156809750926811 220.2271554554524187 214.0093455903269728 208.0865204668481283 202.4845673131658828 197.2308292331601933 192.3538406167134553 187.8829422805593481 183.8477631085023631 180.2775637731994607 177.2004514666934938 174.6424919657298176 172.6267650163206895 171.1724276862368868 170.2938636592640194 170 170 170.2938636592640194 171.1724276862368868 172.6267650163206895 174.6424919657298176 177.2004514666934938 180.2775637731994607 183.8477631085023631 187.8829422805593481 192.3538406167134553 197.2308292331601933 202.4845673131658828 208.0865204668481283 214.0093455903269728 220.2271554554524187 226.7156809750926811 233.4523505985750376 240.4163056034261672 247.5883680627989349 250.1999200639360765 250.7987240796890376 251.7935662402834396 253.179778023443248 254.9509756796392423
292.0616373302046895 284.2534080710378817 276.5863337187865909 269.0724809414742253 261.7250465660480359 254.5584412271571182 247.5883680627989349 240.8318915758459013 234.3074902771996335 228.0350850198275907 222.0360331117451835 216.3330765278393528 210.9502310972898727 205.912602819740016 201.2461179749810753 196.9771560359220928 193.1320791582796517 189.7366596101027483 186.8154169226940553 184.3908891458577557 182.4828759089465962 181.107702762748346 180.2775637731994607 180 180 180.2775637731994607 181.107702762748346 182.4828759089465962 184.3908891458577557 186.8154169226940553 189.7366596101027483 193.1320791582796517 196.9771560359220928 201.2461179749810753 205.912602819740016 210.9502310972898727 216.3330765278393528 222.0360331117451835 228.0350850198275907 234.3074902771996335 240.8318915758459013 247.5883680627989349 254.5584412271571182 260.1922366251537255 260.7680962081059306 261.7250465660480359 263.0589287593181211 264.7640458974745457
298.3286778035259772 290.6888370749726391 283.1960451701258989 275.862284482674454 268.7005768508880692 261.7250465660480359 254.9509756796392423 248.3948469674844262 242.0743687382041003 236.0084744241189298 230.2172886644267749 224.7220505424423322 219.5449840010014952 214.7091055358388871 210.23796041628637 206.1552812808830311 202.4845673131658828 199.2485884517127488 196.4688270438849997 194.1648783894760015 192.3538406167134553 191.0497317454280051 190.2629759044044704 190 190 190.2629759044044704 191.0497317454280051 192.3538406167134553 194.1648783894760015 196.4688270438849997 199.2485884517127488 202.4845673131658828 206.1552812808830311 210.23796041628637 214.7091055358388871 219.5449840010014952 224.7220505424423322 230.2172886644267749 236.0084744241189298 242.0743687382041003 248.3948469674844262 254.9509756796392423 261.7250465660480359 268.7005768508880692 270.7397274136176861 271.6615541441224764 272.9468812791236019 274.5906043549196056
